faces/angelababy/angelababy_436_0.jpg 0.5114600451969845 0.007038954819182079 -64.92012577280353 -0.00703895481918208 0.5114600451969847 -106.75729338486644
faces/angelababy/angelababy_1775_0.jpg 0.5087586315354913 -0.08188682567405983 -38.332743257417306 0.08188682567405985 0.5087586315354914 -138.05278676636038
faces/angelababy/angelababy_803_0.jpg 0.5105457365270819 0.029304496660207534 -73.30408579084478 -0.02930449666020753 0.5105457365270822 -99.67211867310664
faces/angelababy/angelababy_986_0.jpg 0.5101761280053521 -0.051144804373170344 -45.794118414256175 0.05114480437317034 0.510176128005352 -120.20410184241032
faces/angelababy/angelababy_245_0.jpg 0.5064767704506844 0.04395400437443445 -81.99796236847423 -0.04395400437443445 0.5064767704506844 -90.0403492265637
faces/angelababy/angelababy_1719_0.jpg 0.5191711813983088 -0.03872755367419724 -39.43285853790907 0.03872755367419726 0.5191711813983088 -125.35012084254626
faces/angelababy/angelababy_1801_0.jpg 0.5149533893334667 -0.06585440057891126 -44.75490849206663 0.06585440057891125 0.5149533893334668 -131.46879905253058
faces/angelababy/angelababy_1469_0.jpg 0.5018898550269345 0.037726723311916656 -74.23432977482678 -0.03772672331191665 0.5018898550269345 -89.46053118222957
faces/angelababy/angelababy_1563_0.jpg 0.49475550118484035 0.06598262394327342 -79.73697346342259 -0.06598262394327342 0.4947555011848403 -71.0102234446654
faces/angelababy/angelababy_210_0.jpg 0.5152278871619059 0.024080357515521945 -74.83192911603997 -0.024080357515521945 0.5152278871619062 -100.56322902923395
faces/angelababy/angelababy_1717_0.jpg 0.5167377130996503 -0.037729145892316754 -40.25933905582032 0.037729145892316754 0.5167377130996503 -123.16349842995024
faces/angelababy/angelababy_1727_0.jpg 0.5153048988142275 -0.0260352311478234 -41.26319781228567 0.0260352311478234 0.5153048988142274 -117.43400470617891
faces/angelababy/angelababy_207_0.jpg 0.5069054308944294 0.01865981207321496 -68.50647628758865 -0.01865981207321496 0.5069054308944294 -97.24534665530132
faces/angelababy/angelababy_146_0.jpg 0.5047882789498156 0.06282321782172388 -80.90297033723907 -0.06282321782172388 0.5047882789498155 -87.0906086145792
faces/angelababy/angelababy_1798_0.jpg 0.5089499178993395 -0.059955924273726785 -46.57734142702152 0.05995592427372678 0.5089499178993395 -125.39685750658458
faces/angelababy/angelababy_1561_0.jpg 0.49311857299994 0.07341312793020849 -84.73587938364928 -0.07341312793020849 0.49311857299993994 -69.81828387519681
faces/angelababy/angelababy_932_0.jpg 0.5033153589489658 0.04680648830557627 -79.9178115715382 -0.04680648830557627 0.5033153589489658 -92.77646616907231
faces/angelababy/angelababy_925_0.jpg 0.5124073147509213 0.0407149969819618 -80.65611001908435 -0.0407149969819618 0.5124073147509213 -101.35837976653869
faces/angelababy/angelababy_459_0.jpg 0.5142243862511187 0.033065671298794265 -79.53961853290973 -0.03306567129879427 0.5142243862511187 -101.84873761225239
faces/angelababy/angelababy_427_0.jpg 0.5100413717147728 0.05634581213189508 -75.89160870905066 -0.0563458121318951 0.510041371714773 -90.14874151546948
faces/angelababy/angelababy_209_0.jpg 0.5136669284463883 0.021903865787124964 -71.35571436075396 -0.021903865787124964 0.5136669284463883 -103.50004166175384
faces/angelababy/angelababy_196_0.jpg 0.5186604871900306 0.020005618138214148 -72.28552124158735 -0.02000561813821414 0.5186604871900304 -105.63745781174788
faces/angelababy/angelababy_464_0.jpg 0.5108668495290168 0.036887481353187104 -74.70993611663037 -0.03688748135318711 0.5108668495290168 -90.62318507207945
faces/angelababy/angelababy_1785_0.jpg 0.5067117260991947 -0.04330581606954944 -45.04636201979274 0.04330581606954944 0.5067117260991947 -118.09699893535989
faces/angelababy/angelababy_1782_0.jpg 0.5112090278664906 -0.04961777519291866 -49.237591045479334 0.04961777519291865 0.5112090278664906 -124.61306623597861
faces/angelababy/angelababy_1756_0.jpg 0.5127779560801705 -0.041050482112839036 -42.166170812490165 0.041050482112839036 0.5127779560801704 -123.92804799055446
faces/angelababy/angelababy_1730_0.jpg 0.51636218138416 -0.026984279431029348 -39.634006752099125 0.02698427943102936 0.51636218138416 -116.81106340466147
faces/angelababy/angelababy_785_0.jpg 0.5036946675267694 0.00832997195017557 -61.320718196961835 -0.008329971950175567 0.5036946675267695 -101.2653040885796
faces/angelababy/angelababy_185_0.jpg 0.5191019629687688 -0.01566348886225891 -60.9352124002895 0.015663488862258906 0.5191019629687686 -115.64116846690396
faces/angelababy/angelababy_1532_0.jpg 0.47385059067415025 -0.05577617885731677 -36.387471255484954 0.05577617885731677 0.47385059067415025 -109.74745861872165
faces/angelababy/angelababy_1716_0.jpg 0.5155425987112362 -0.03407624743745802 -42.762364253750135 0.03407624743745804 0.5155425987112361 -123.74304353960727
faces/angelababy/angelababy_1527_0.jpg 0.48111532327972834 -0.045547414120346005 -37.15769499126283 0.04554741412034602 0.4811153232797284 -119.71386345437944
faces/angelababy/angelababy_176_0.jpg 0.5210743531076191 -0.04757324693575301 -39.89086477473988 0.047573246935752996 0.5210743531076191 -129.73174498831165
faces/angelababy/angelababy_971_0.jpg 0.519823110193286 -0.017034638817838697 -54.72374460237556 0.017034638817838694 0.519823110193286 -117.68847115963595
faces/angelababy/angelababy_1534_0.jpg 0.47270807891534466 -0.053054858178099296 -37.95605886747403 0.053054858178099296 0.4727080789153448 -106.50248677078403
faces/angelababy/angelababy_1728_0.jpg 0.5191611887804364 -0.025517052788943527 -42.36711499923457 0.025517052788943523 0.5191611887804365 -117.76729287171983
faces/angelababy/angelababy_1482_0.jpg 0.5012051798307489 0.029064070204793527 -74.4388545149685 -0.02906407020479352 0.5012051798307487 -100.26966837475862
faces/angelababy/angelababy_1809_0.jpg 0.5025355282773049 -0.08411385958085178 -34.71687151064022 0.08411385958085178 0.5025355282773049 -130.400752496322
faces/angelababy/angelababy_244_0.jpg 0.5054480396349904 0.044045828104458264 -80.42316886873827 -0.044045828104458264 0.5054480396349904 -93.15355996471078
faces/angelababy/angelababy_1536_0.jpg 0.4804727709964353 -0.03298936980805177 -50.434179150665315 0.03298936980805176 0.4804727709964353 -100.14755736153029
faces/angelababy/angelababy_205_0.jpg 0.5097327716809613 0.013693740006224054 -69.18161560416901 -0.013693740006224048 0.5097327716809613 -100.33335637058153
faces/angelababy/angelababy_1808_0.jpg 0.5009586858759341 -0.08161039676013096 -35.25009873457192 0.08161039676013097 0.5009586858759343 -131.77039240275906
faces/angelababy/angelababy_838_0.jpg 0.507710173468886 0.012022868638254398 -64.82482241262282 -0.012022868638254388 0.5077101734688861 -98.27978069652809
faces/angelababy/angelababy_303_0.jpg 0.5041965717240863 0.07263430592577665 -91.65223930442654 -0.07263430592577665 0.5041965717240864 -82.23784339305615
faces/angelababy/angelababy_134_0.jpg 0.4985726964696379 0.06365156140177694 -82.18177398488227 -0.06365156140177694 0.49857269646963803 -76.53204881361756
faces/angelababy/angelababy_439_0.jpg 0.5136585334392939 0.006565468496506421 -62.545026575629876 -0.006565468496506421 0.5136585334392938 -105.1642558483235
faces/angelababy/angelababy_166_0.jpg 0.508416963716938 0.032008101188080895 -72.88909561823384 -0.032008101188080895 0.5084169637169379 -93.64230763413892
faces/angelababy/angelababy_924_0.jpg 0.5108248801537244 0.041832016114098244 -78.344821742456 -0.04183201611409825 0.5108248801537245 -102.7323626108097
faces/angelababy/angelababy_1529_0.jpg 0.47498920513482185 -0.049616714068470916 -36.061594507962255 0.04961671406847091 0.4749892051348218 -108.92914328620813
faces/angelababy/angelababy_1777_0.jpg 0.5038254381936714 -0.06925031523348284 -33.71434898480457 0.06925031523348286 0.5038254381936715 -121.05466628531815
faces/angelababy/angelababy_237_0.jpg 0.5047863204211254 0.049374070664737015 -80.72367412071496 -0.049374070664737015 0.5047863204211254 -85.10165511806878
faces/angelababy/angelababy_918_0.jpg 0.5083781675024446 0.040845175689820976 -79.6656043200286 -0.040845175689820976 0.5083781675024448 -95.04004272246755
faces/angelababy/angelababy_1451_0.jpg 0.4934984010417215 0.05157675803732931 -70.54872210081884 -0.0515767580373293 0.4934984010417213 -80.99000522234434
faces/angelababy/angelababy_1567_0.jpg 0.49929568526451956 0.05342142661637813 -73.94178342656316 -0.05342142661637814 0.4992956852645195 -81.17525308150041
faces/angelababy/angelababy_876_0.jpg 0.5039279440730823 -0.0309057357218872 -49.83930605763477 0.030905735721887196 0.5039279440730823 -111.59333396106729
faces/angelababy/angelababy_233_0.jpg 0.5043697099592841 0.06162508437806439 -87.66272737415447 -0.0616250843780644 0.5043697099592841 -83.17633912240507
faces/angelababy/angelababy_1547_0.jpg 0.5013701900723683 0.040918396080210445 -77.52603821208292 -0.04091839608021045 0.5013701900723683 -80.86039554682685
faces/angelababy/angelababy_1523_0.jpg 0.4794148412314354 -0.019745829538974743 -40.887681708794574 0.01974582953897476 0.4794148412314355 -99.28825823647762
faces/angelababy/angelababy_183_0.jpg 0.5147243149658642 -0.008003969261732581 -57.916113357103725 0.008003969261732581 0.5147243149658642 -113.54236066936258
faces/angelababy/angelababy_955_0.jpg 0.5077353006491047 0.045484755837770494 -80.78028420344974 -0.045484755837770494 0.5077353006491048 -99.61101165564878
faces/angelababy/angelababy_1018_0.jpg 0.50714809623041 0.052524328652665514 -86.60430904355708 -0.05252432865266551 0.5071480962304099 -80.74871720005416
faces/angelababy/angelababy_228_0.jpg 0.5108268900920845 0.055775621060395505 -82.54510171222613 -0.055775621060395505 0.5108268900920844 -79.99674868867291
faces/angelababy/angelababy_1794_0.jpg 0.506479787516228 -0.0567207378651039 -37.22523003785223 0.05672073786510392 0.506479787516228 -120.18458729400774
faces/angelababy/angelababy_962_0.jpg 0.5159622555780263 0.039649570496737986 -76.6397101114815 -0.03964957049673798 0.5159622555780261 -101.45507023021898
faces/angelababy/angelababy_163_0.jpg 0.5132072407528646 0.02259794471594406 -77.8736408704418 -0.02259794471594406 0.5132072407528645 -102.47625904407954
faces/angelababy/angelababy_441_0.jpg 0.5090903467142857 0.021362607396397244 -64.64476127929167 -0.021362607396397244 0.5090903467142857 -99.0187205630532
faces/angelababy/angelababy_220_0.jpg 0.49802545203083426 -0.0035021053925166222 -55.377104799395156 0.0035021053925166283 0.49802545203083426 -100.18689385385122
faces/angelababy/angelababy_253_0.jpg 0.5176088567101258 0.06330521202127395 -94.10353094666068 -0.06330521202127395 0.5176088567101257 -97.8972068683774
faces/angelababy/angelababy_139_0.jpg 0.5053208533126479 0.07167189298015048 -95.19102286182367 -0.07167189298015048 0.5053208533126479 -82.9100707174187
faces/angelababy/angelababy_1560_0.jpg 0.5039025993733793 0.07076559640144185 -85.60827361847139 -0.07076559640144185 0.5039025993733794 -72.81898941572348
faces/angelababy/angelababy_157_0.jpg 0.5098260138996468 0.014878608353569692 -67.7257531894373 -0.014878608353569694 0.5098260138996469 -103.27560574178182
faces/angelababy/angelababy_463_0.jpg 0.5173148941962222 0.041315504594119624 -78.3682148928098 -0.04131550459411963 0.5173148941962225 -91.25760265109051
faces/angelababy/angelababy_1767_0.jpg 0.5184482473701134 -0.021677195807071493 -52.592661330282894 0.02167719580707146 0.5184482473701133 -110.8548093015437
faces/angelababy/angelababy_1473_0.jpg 0.49657844239033927 0.03674014845656428 -69.1567972102116 -0.03674014845656429 0.4965784423903392 -87.21270345641906
faces/angelababy/angelababy_455_0.jpg 0.5100382448136882 0.026053934205669354 -71.07561588780912 -0.02605393420566935 0.510038244813688 -98.1320737330222
faces/angelababy/angelababy_297_0.jpg 0.5070066067415666 0.08386886183452584 -100.06601221540005 -0.08386886183452584 0.5070066067415666 -77.32178388852265
faces/angelababy/angelababy_1769_0.jpg 0.5106447847818738 -0.04123385576938275 -35.898628413736176 0.041233855769382745 0.5106447847818738 -116.63560372419258
faces/angelababy/angelababy_857_0.jpg 0.5075825446352162 -0.02154762922029031 -43.84307476998352 0.02154762922029031 0.5075825446352162 -109.96002094205775
faces/angelababy/angelababy_160_0.jpg 0.5094859664929527 0.015200386294912542 -70.27318452829017 -0.015200386294912526 0.5094859664929529 -98.96625400974298
faces/angelababy/angelababy_802_0.jpg 0.5139362140527032 0.031075877084335766 -71.5073813724638 -0.03107587708433577 0.5139362140527032 -97.77525352230757
faces/angelababy/angelababy_1516_0.jpg 0.498661402955682 0.018345183532954546 -63.02161256690418 -0.018345183532954543 0.49866140295568195 -99.19077801391862
faces/angelababy/angelababy_136_0.jpg 0.5039465640399938 0.06783998480105737 -90.44783998031347 -0.06783998480105738 0.5039465640399939 -78.19263748808771
faces/angelababy/angelababy_960_0.jpg 0.5182159040722905 0.054245019935670075 -80.09162512162315 -0.05424501993567009 0.5182159040722902 -103.27122862363603
faces/angelababy/angelababy_1520_0.jpg 0.49267831979742455 -0.020997671551885467 -46.443592919308756 0.020997671551885467 0.4926783197974246 -103.17771310931255
faces/angelababy/angelababy_130_0.jpg 0.5054759161917342 0.06766878175357942 -88.748899481777 -0.06766878175357943 0.5054759161917343 -82.53517735710759
faces/angelababy/angelababy_1530_0.jpg 0.47171381840739396 -0.05917861097178539 -33.86967048597269 0.059178610971785395 0.47171381840739385 -113.32108965232621
faces/angelababy/angelababy_229_0.jpg 0.5084398686226744 0.06690279984577466 -86.03096849644199 -0.06690279984577464 0.5084398686226744 -79.20085956993003
faces/angelababy/angelababy_1755_0.jpg 0.5096684825489727 -0.032643308126637786 -47.46549461603014 0.0326433081266378 0.5096684825489727 -120.08905902320251
faces/angelababy/angelababy_804_0.jpg 0.5034872647402739 0.02384296102228342 -58.35922608633986 -0.023842961022283424 0.503487264740274 -92.20829557573163
faces/angelababy/angelababy_822_0.jpg 0.49352472754761306 0.009489015687981888 -51.7016428700001 -0.00948901568798189 0.493524727547613 -98.54995667211597
faces/angelababy/angelababy_276_0.jpg 0.5140258093468982 0.02154134544230497 -63.33340738288321 -0.02154134544230497 0.5140258093468983 -104.21436424044737
faces/angelababy/angelababy_186_0.jpg 0.5208319425193736 -0.012286710080527834 -60.93382895867988 0.012286710080527834 0.5208319425193737 -112.37853734200598
faces/angelababy/angelababy_467_0.jpg 0.5093788673166713 0.031171734376913025 -74.77518882815833 -0.031171734376913028 0.5093788673166715 -94.27055020539564
faces/angelababy/angelababy_783_0.jpg 0.5065113223027234 0.011521895534100915 -65.4438754598972 -0.011521895534100917 0.5065113223027234 -93.897597662929
faces/angelababy/angelababy_140_0.jpg 0.5094752750444593 0.06502271030178743 -91.09152816710302 -0.06502271030178743 0.5094752750444594 -88.40659750534186
faces/angelababy/angelababy_204_0.jpg 0.5062903291738283 0.0027924557510411846 -58.37605773548076 -0.002792455751041188 0.5062903291738283 -107.47065804917872
faces/angelababy/angelababy_227_0.jpg 0.5127746513917021 0.051963525747982 -79.59237147844605 -0.051963525747982 0.512774651391702 -87.09230983123689
faces/angelababy/angelababy_257_0.jpg 0.5165890024667416 0.059572304138106116 -91.27041599327795 -0.05957230413810611 0.5165890024667416 -97.60210560116823
faces/angelababy/angelababy_1004_0.jpg 0.5084353699994847 0.06296668182643525 -99.38888241402834 -0.06296668182643524 0.5084353699994845 -81.32019679715623
faces/angelababy/angelababy_1537_0.jpg 0.4791826723183951 -0.028123135392492126 -47.666113541490816 0.028123135392492126 0.4791826723183952 -99.86950308582732
faces/angelababy/angelababy_284_0.jpg 0.5064549502294591 0.01991668904952449 -66.58849785988723 -0.019916689049524476 0.5064549502294589 -95.02580897495392
faces/angelababy/angelababy_429_0.jpg 0.5125385710880928 0.04682968562013301 -83.99779563365617 -0.04682968562013302 0.5125385710880928 -86.36309870774227
faces/angelababy/angelababy_813_0.jpg 0.512600610998621 -0.013580977266248672 -49.182555846351036 0.01358097726624867 0.5126006109986209 -112.14304582071827
faces/angelababy/angelababy_1806_0.jpg 0.5035059719989663 -0.07920564478483355 -37.82929751353147 0.07920564478483354 0.5035059719989664 -129.44474867517306
faces/angelababy/angelababy_144_0.jpg 0.5049870624548969 0.06781956082930514 -93.45683205106822 -0.06781956082930514 0.5049870624548969 -86.50581626511257
faces/angelababy/angelababy_450_0.jpg 0.5206631802855763 0.02783974164279517 -77.74186312988185 -0.02783974164279517 0.5206631802855762 -101.89865635860443
faces/angelababy/angelababy_1748_0.jpg 0.5164525572567495 -0.03064203054564259 -57.59842054719543 0.030642030545642563 0.5164525572567495 -96.19251540088757
faces/angelababy/angelababy_921_0.jpg 0.5088098380338095 0.043833967861031185 -76.19301695917615 -0.04383396786103118 0.5088098380338096 -92.10471909347723
faces/angelababy/angelababy_447_0.jpg 0.5145912753158767 0.03219058337971709 -74.61999745601331 -0.03219058337971709 0.5145912753158767 -98.65218834596178
faces/angelababy/angelababy_222_0.jpg 0.5057413213164297 -0.009887962802357453 -51.80287810350431 0.009887962802357453 0.5057413213164296 -108.37388634583334
faces/angelababy/angelababy_1778_0.jpg 0.5076389970322345 -0.06382224579747153 -39.619479428433195 0.06382224579747157 0.5076389970322345 -124.93339776454235
faces/angelababy/angelababy_177_0.jpg 0.5164851184520125 -0.0336990392466138 -48.623972993951114 0.033699039246613806 0.5164851184520126 -123.05962178267751
faces/angelababy/angelababy_1786_0.jpg 0.5092541480660274 -0.043126321071597216 -46.947622442184056 0.0431263210715972 0.5092541480660276 -118.44335654599897
faces/angelababy/angelababy_147_0.jpg 0.5108428554991571 0.056565822706676636 -78.99355667280626 -0.05656582270667665 0.5108428554991572 -89.45972786874353
faces/angelababy/angelababy_290_0.jpg 0.5143616586669965 0.044004992296264374 -79.90481281099382 -0.04400499229626438 0.5143616586669965 -94.53439859449125
faces/angelababy/angelababy_833_0.jpg 0.5102080046983958 0.018311767019763534 -65.5550070019297 -0.018311767019763534 0.5102080046983957 -96.72379872548123
faces/angelababy/angelababy_148_0.jpg 0.5062547458335676 0.04900931067059725 -87.19004088987369 -0.04900931067059725 0.5062547458335674 -93.27659006241026
faces/angelababy/angelababy_980_0.jpg 0.5223585427625306 -0.015392501863617137 -60.633874618277716 0.015392501863617139 0.5223585427625307 -109.04842898621135
faces/angelababy/angelababy_1779_0.jpg 0.50748012692676 -0.05764064360283349 -41.755466662990315 0.057640643602833476 0.5074801269267599 -123.64763523008807
faces/angelababy/angelababy_779_0.jpg 0.5058804303050858 0.00782963684151432 -62.52615746094334 -0.007829636841514323 0.5058804303050859 -99.87371129447303
faces/angelababy/angelababy_282_0.jpg 0.5071244392028986 0.01794806108109093 -69.78801373411982 -0.017948061081090937 0.5071244392028986 -98.9225075734723
faces/angelababy/angelababy_1538_0.jpg 0.4819333843427729 -0.027575214048440894 -48.92511608221473 0.02757521404844088 0.48193338434277294 -100.25001514260154
faces/angelababy/angelababy_976_0.jpg 0.5220110982295738 -0.020795354758190384 -57.41166870628389 0.020795354758190384 0.5220110982295738 -116.03003183619367
faces/angelababy/angelababy_153_0.jpg 0.5043344439407244 0.03751363924297255 -67.8065983826606 -0.03751363924297256 0.5043344439407244 -95.16566897525419
faces/angelababy/angelababy_225_0.jpg 0.5070853822130286 0.03261432034247305 -71.11495919761335 -0.03261432034247305 0.5070853822130288 -93.70270736908714
faces/angelababy/angelababy_457_0.jpg 0.5161134988386894 0.019625768053635258 -65.73136282633537 -0.019625768053635254 0.5161134988386893 -101.71985063845739
faces/angelababy/angelababy_1732_0.jpg 0.5175335034491134 -0.027183147762305158 -49.988452710628096 0.027183147762305165 0.5175335034491135 -116.78343638880156
faces/angelababy/angelababy_992_0.jpg 0.5163580720802993 0.018717679270372125 -72.92340655939397 -0.018717679270372125 0.5163580720802993 -93.46737747323951
faces/angelababy/angelababy_262_0.jpg 0.5133367685496864 0.01335096777923519 -69.18648448194101 -0.013350967779235189 0.5133367685496865 -98.8493720278683
faces/angelababy/angelababy_1804_0.jpg 0.5070973335452037 -0.0720774331593839 -33.733552125357434 0.07207743315938389 0.5070973335452036 -128.5675387745283
faces/angelababy/angelababy_873_0.jpg 0.505943956203898 -0.020535555175248698 -57.9505566333621 0.0205355551752487 0.505943956203898 -113.18276687180276
faces/angelababy/angelababy_1463_0.jpg 0.5040668789842099 0.0581920767795336 -83.25834607679032 -0.05819207677953361 0.5040668789842099 -80.60466725601685
faces/angelababy/angelababy_1783_0.jpg 0.51109414497776 -0.04353468945715157 -45.07430967150016 0.043534689457151575 0.5110941449777601 -116.56241638410543
faces/angelababy/angelababy_179_0.jpg 0.5138977835766977 0.005241144819268813 -59.114716792748496 -0.0052411448192688165 0.5138977835766976 -108.27096848515023
faces/angelababy/angelababy_1796_0.jpg 0.5052456193745536 -0.060497103313474146 -35.38656459695527 0.06049710331347416 0.5052456193745536 -119.30423943306471
faces/angelababy/angelababy_999_0.jpg 0.5081690656700479 0.07252369414619367 -95.74709348915455 -0.07252369414619367 0.5081690656700479 -78.84488461788223
faces/angelababy/angelababy_841_0.jpg 0.5098482891260702 0.0038704813977300584 -62.234861877578524 -0.003870481397730072 0.5098482891260703 -106.46017971275018
faces/angelababy/angelababy_281_0.jpg 0.511417786667305 0.015331031675846004 -61.94813270632089 -0.015331031675846011 0.511417786667305 -104.07276510813375
faces/angelababy/angelababy_1764_0.jpg 0.5088273906856122 -0.0391351289634846 -47.93436886497615 0.03913512896348461 0.5088273906856123 -124.21590331501514
faces/angelababy/angelababy_1743_0.jpg 0.5227022724089839 -0.014390813602884444 -49.7735940529425 0.01439081360288444 0.5227022724089839 -113.18219234727493
faces/angelababy/angelababy_916_0.jpg 0.5117848363922272 0.04123911541165768 -78.54907506238531 -0.04123911541165768 0.511784836392227 -97.59229691652709
faces/angelababy/angelababy_1549_0.jpg 0.5016544683300059 0.053183030364369374 -80.13525286217187 -0.053183030364369374 0.501654468330006 -78.81453977386994
faces/angelababy/angelababy_466_0.jpg 0.5084465394663604 0.03302037235872275 -72.61771545395668 -0.03302037235872275 0.5084465394663604 -97.7022146906466
faces/angelababy/angelababy_1807_0.jpg 0.5027791751502589 -0.08106246926552337 -36.61258786238032 0.08106246926552337 0.5027791751502589 -135.72616633376774
faces/angelababy/angelababy_255_0.jpg 0.5228425527795407 0.070169248412964 -95.24755487677145 -0.070169248412964 0.522842552779541 -95.88398961516754
faces/angelababy/angelababy_862_0.jpg 0.5111576292832842 -0.01801849881568279 -49.6653763505105 0.01801849881568279 0.5111576292832842 -114.53278865375242
faces/angelababy/angelababy_240_0.jpg 0.5056165824335016 0.04922778972733001 -83.25224781294769 -0.04922778972733001 0.5056165824335017 -92.75817782348165
faces/angelababy/angelababy_780_0.jpg 0.5125069503651166 0.013784438190333448 -58.36288320315562 -0.01378443819033345 0.5125069503651164 -106.04113548947763
faces/angelababy/angelababy_215_0.jpg 0.5122544604701748 0.00972389632618154 -62.95834149270236 -0.009723896326181546 0.5122544604701744 -99.46739951370799
faces/angelababy/angelababy_1006_0.jpg 0.5102167977207283 0.06492642796405818 -88.09697764566359 -0.06492642796405815 0.5102167977207281 -85.63582474423407
faces/angelababy/angelababy_268_0.jpg 0.5079999423063722 -0.0007615722248613243 -59.990066569990674 0.0007615722248613278 0.5079999423063724 -101.30904365331614
faces/angelababy/angelababy_1731_0.jpg 0.5190993154829254 -0.02487980345329162 -46.792366946196225 0.024879803453291605 0.5190993154829255 -117.82267881382288
faces/angelababy/angelababy_853_0.jpg 0.5125525779668668 -0.009065280991155812 -51.263555130336854 0.009065280991155823 0.512552577966867 -112.03679646563691
faces/angelababy/angelababy_239_0.jpg 0.5077544839624021 0.04755013855254387 -83.80861675912935 -0.04755013855254388 0.5077544839624021 -92.29469668813613
faces/angelababy/angelababy_796_0.jpg 0.50700528361758 0.01196121935746515 -62.71374476913458 -0.011961219357465152 0.5070052836175801 -98.02678707700056
faces/angelababy/angelababy_1757_0.jpg 0.5123639517513492 -0.037461911306584245 -47.82858584039711 0.03746191130658423 0.5123639517513491 -123.72085739013343
faces/angelababy/angelababy_1771_0.jpg 0.5243530363800133 -0.03907213300343208 -47.829316810486134 0.039072133003432055 0.5243530363800132 -124.7972928651572
faces/angelababy/angelababy_1449_0.jpg 0.49769264968864596 0.04088939210665974 -63.83686331737415 -0.04088939210665974 0.49769264968864574 -87.38633428830732
faces/angelababy/angelababy_972_0.jpg 0.5176501277296538 -0.008941892115631903 -53.72112809140022 0.008941892115631903 0.5176501277296539 -114.63004975213443
faces/angelababy/angelababy_1776_0.jpg 0.5091429619887139 -0.07439968988770301 -39.354759294156295 0.07439968988770301 0.5091429619887138 -130.40121425559414
faces/angelababy/angelababy_928_0.jpg 0.5067643964774587 0.04309851075994258 -79.14542344117775 -0.04309851075994258 0.5067643964774586 -95.05792919590621
faces/angelababy/angelababy_133_0.jpg 0.500880192521553 0.06432528031564422 -79.9032011209111 -0.06432528031564422 0.5008801925215531 -78.67321348994102
faces/angelababy/angelababy_787_0.jpg 0.5074650537139068 0.01012507405420912 -64.26409559454682 -0.010125074054209125 0.5074650537139068 -99.22114979984843
faces/angelababy/angelababy_784_0.jpg 0.5050651443602534 0.014481335635801989 -67.14743717549352 -0.014481335635801987 0.5050651443602533 -97.18531236337196
faces/angelababy/angelababy_1460_0.jpg 0.5055250273687314 0.055452242219319936 -77.46578179958321 -0.055452242219319936 0.5055250273687316 -87.5517035725689
faces/angelababy/angelababy_1789_0.jpg 0.5125837495592852 -0.04912085195536866 -41.342132306477126 0.04912085195536867 0.5125837495592853 -119.95372195490623
faces/angelababy/angelababy_995_0.jpg 0.5149384197715134 0.0399602546172353 -80.16065578675692 -0.03996025461723529 0.5149384197715134 -90.90701073048226
faces/angelababy/angelababy_920_0.jpg 0.5068459433144089 0.04450151189454423 -72.54813420998 -0.04450151189454424 0.5068459433144089 -91.94555934801576
faces/angelababy/angelababy_1528_0.jpg 0.47324610885930596 -0.05490601525827373 -36.22201477139349 0.05490601525827374 0.47324610885930596 -109.06399991142467
faces/angelababy/angelababy_1468_0.jpg 0.5088498844857744 0.04400495915549498 -76.73175867097582 -0.04400495915549499 0.5088498844857743 -90.37081256606379
faces/angelababy/angelababy_250_0.jpg 0.5134045445544613 0.03543453192305473 -74.57773017148922 -0.03543453192305472 0.5134045445544615 -95.26206512695512
faces/angelababy/angelababy_261_0.jpg 0.5137096335350422 0.018152978851614335 -68.73864443677182 -0.018152978851614335 0.5137096335350423 -97.42702805616884
faces/angelababy/angelababy_974_0.jpg 0.5175804390026213 -0.01568048715195652 -54.8041816247849 0.01568048715195653 0.5175804390026213 -116.72027634164166
faces/angelababy/angelababy_982_0.jpg 0.5118686667101048 -0.035429832875874374 -51.89189268054817 0.035429832875874374 0.5118686667101048 -118.43266794027917
faces/angelababy/angelababy_1803_0.jpg 0.5073323431114322 -0.07013503401997853 -32.95865973749015 0.07013503401997853 0.5073323431114324 -126.59583562900809
faces/angelababy/angelababy_837_0.jpg 0.5092774862382139 0.027070584868211553 -67.02871290475711 -0.027070584868211553 0.5092774862382139 -90.79276212079532
faces/angelababy/angelababy_781_0.jpg 0.5113666732321934 0.01674355898909344 -58.15866628427621 -0.01674355898909344 0.5113666732321932 -103.3965274935504
faces/angelababy/angelababy_858_0.jpg 0.5099205561586856 -0.017542777476868342 -48.82636115185839 0.017542777476868342 0.5099205561586857 -110.83398059255967
faces/angelababy/angelababy_1744_0.jpg 0.5199206101953653 -0.0259041744242025 -47.5397406173373 0.02590417442420251 0.5199206101953653 -121.00656578700452
faces/angelababy/angelababy_187_0.jpg 0.5155590551298344 -0.013110252121319757 -57.93863246618635 0.013110252121319754 0.5155590551298344 -109.74849153859014
faces/angelababy/angelababy_816_0.jpg 0.4950939023330755 0.005349144795927204 -60.0666596590102 -0.005349144795927201 0.49509390233307554 -98.87581154984352
faces/angelababy/angelababy_987_0.jpg 0.513128362929636 -0.04446925505903191 -48.84657348026782 0.044469255059031904 0.5131283629296359 -116.95357935243291
faces/angelababy/angelababy_1555_0.jpg 0.5004885687176405 0.0662582517925154 -89.72290054873925 -0.0662582517925154 0.5004885687176406 -86.49329279918751
faces/angelababy/angelababy_181_0.jpg 0.5145210690881464 0.033507376188964245 -79.0599255269738 -0.033507376188964245 0.5145210690881463 -99.98290772331256
faces/angelababy/angelababy_1759_0.jpg 0.5101566981144559 -0.03996805970034402 -41.73953796402911 0.039968059700344026 0.5101566981144559 -122.98814370423395
faces/angelababy/angelababy_828_0.jpg 0.5055686421609384 0.015220803277676248 -62.27092675338362 -0.015220803277676248 0.5055686421609386 -100.70574609922073
faces/angelababy/angelababy_1456_0.jpg 0.5023736207703714 0.05620701088609914 -77.91035155000513 -0.05620701088609913 0.5023736207703714 -81.16964457431413
faces/angelababy/angelababy_990_0.jpg 0.520048966266575 -0.013481830559170871 -63.602740375517655 0.01348183055917087 0.5200489662665749 -105.71226846244386
faces/angelababy/angelababy_1569_0.jpg 0.49317065013402306 0.05810356443324151 -77.35171858926661 -0.058103564433241515 0.4931706501340231 -83.24775144244504
faces/angelababy/angelababy_1720_0.jpg 0.5185934406627357 -0.04141721875312163 -40.690443036111006 0.041417218753121626 0.5185934406627357 -124.69700615401706
faces/angelababy/angelababy_1477_0.jpg 0.504833746343896 0.03559068830176167 -70.29590932602152 -0.03559068830176167 0.5048337463438959 -95.33329176516094
faces/angelababy/angelababy_235_0.jpg 0.50173444674694 0.05648012987857407 -82.09681234289 -0.05648012987857407 0.5017344467469401 -82.55100679515274
faces/angelababy/angelababy_1540_0.jpg 0.48271969617538757 -0.020967554355880193 -49.79847265790859 0.0209675543558802 0.4827196961753876 -90.29920156810482
faces/angelababy/angelababy_965_0.jpg 0.526172657984474 0.021179450806663242 -76.71296945985922 -0.021179450806663242 0.526172657984474 -121.7406304205636
faces/angelababy/angelababy_1001_0.jpg 0.5095137747790183 0.07683684216523376 -97.02267083324965 -0.07683684216523375 0.5095137747790182 -76.79419883024002
faces/angelababy/angelababy_1470_0.jpg 0.4987617928039703 0.03989008338853527 -76.62947631301957 -0.03989008338853528 0.4987617928039703 -90.54801201521681
faces/angelababy/angelababy_966_0.jpg 0.5344598039697839 0.015041644465149332 -70.58428307274285 -0.01504164446514933 0.5344598039697839 -118.67024265445818
faces/angelababy/angelababy_226_0.jpg 0.5106838137366454 0.041929812499726 -77.6110086580584 -0.04192981249972601 0.5106838137366452 -98.04179920016023
faces/angelababy/angelababy_440_0.jpg 0.5142956784062793 0.017076041319712333 -61.23665287764051 -0.017076041319712333 0.5142956784062793 -101.08596609625712
faces/angelababy/angelababy_915_0.jpg 0.5078218092028353 0.039990452642018566 -77.09446900371451 -0.039990452642018566 0.5078218092028354 -99.73753804032839
faces/angelababy/angelababy_826_0.jpg 0.5060697320758434 0.013345375506491843 -63.73021364190349 -0.013345375506491843 0.5060697320758434 -104.44910379894802
faces/angelababy/angelababy_985_0.jpg 0.5105808555390411 -0.03132725790303587 -52.84108416738782 0.03132725790303587 0.5105808555390412 -114.8879684437776
faces/angelababy/angelababy_808_0.jpg 0.5084224030584532 -0.006126958070866238 -54.05920648159439 0.006126958070866259 0.5084224030584533 -111.17591326730357
faces/angelababy/angelababy_1008_0.jpg 0.5106175130779331 0.0534821614740555 -82.97540606204136 -0.053482161474055503 0.5106175130779332 -84.80544046457354
faces/angelababy/angelababy_1545_0.jpg 0.4861318246416836 0.010995224567947862 -65.37624360461079 -0.010995224567947862 0.4861318246416836 -85.20053649560995
faces/angelababy/angelababy_1753_0.jpg 0.5150302044702276 -0.03516942983109567 -48.677989285749234 0.035169429831095646 0.5150302044702276 -115.88091379851656
faces/angelababy/angelababy_170_0.jpg 0.5145681715785286 0.04025695892567394 -76.47486411717044 -0.040256958925673936 0.5145681715785284 -96.86180262103233
faces/angelababy/angelababy_923_0.jpg 0.5059460624196649 0.03972331334067592 -76.64243875596314 -0.03972331334067592 0.505946062419665 -98.38678487977177
faces/angelababy/angelababy_979_0.jpg 0.5172552814361768 -0.02963195201228544 -55.62767477582834 0.029631952012285443 0.5172552814361769 -117.83137268390067
faces/angelababy/angelababy_1474_0.jpg 0.5006148304572146 0.03678289942726523 -70.15912381907715 -0.036782899427265224 0.5006148304572146 -84.10145342482318
faces/angelababy/angelababy_981_0.jpg 0.5140363577803516 -0.018639346932504994 -55.281637363662654 0.018639346932504994 0.5140363577803517 -115.36381403839334
faces/angelababy/angelababy_184_0.jpg 0.5194373452804885 -0.014489592769535983 -58.037062523850764 0.014489592769535983 0.5194373452804885 -113.35864722437333
faces/angelababy/angelababy_870_0.jpg 0.5040448685828011 -0.013298651638807151 -46.64487893974642 0.013298651638807158 0.5040448685828014 -102.5542411254001
faces/angelababy/angelababy_1568_0.jpg 0.49635896463739343 0.05978594394814855 -81.9523598704648 -0.05978594394814855 0.4963589646373935 -81.03177842535823
faces/angelababy/angelababy_1513_0.jpg 0.49373180407334755 0.034040952796976505 -64.43728689901938 -0.03404095279697651 0.4937318040733476 -92.06926906417436
faces/angelababy/angelababy_280_0.jpg 0.5108598481261425 0.017774118888630706 -70.85515804802593 -0.01777411888863071 0.5108598481261426 -103.1109646131114
faces/angelababy/angelababy_968_0.jpg 0.5234705995630189 0.00858848988652755 -58.719199308608054 -0.008588489886527552 0.5234705995630191 -109.64143062044766
faces/angelababy/angelababy_1792_0.jpg 0.5068849262867657 -0.04682174560609347 -43.016459803640274 0.04682174560609347 0.5068849262867656 -115.83400017042672
faces/angelababy/angelababy_162_0.jpg 0.510864417352216 0.020345059242283175 -73.87193357892558 -0.020345059242283175 0.5108644173522161 -92.42993907713068
faces/angelababy/angelababy_277_0.jpg 0.5184207661151016 0.02102767031045517 -67.86223771446622 -0.021027670310455177 0.5184207661151016 -101.6805526718486
faces/angelababy/angelababy_1016_0.jpg 0.5115892795218225 0.05068217351839746 -79.63456093200942 -0.05068217351839746 0.5115892795218225 -81.48682646402378
faces/angelababy/angelababy_454_0.jpg 0.5108047427094269 0.02735901589528356 -67.17504402566631 -0.027359015895283556 0.5108047427094268 -100.61047468804875
faces/angelababy/angelababy_811_0.jpg 0.5015644249391903 -0.022281222688162725 -48.890921865681506 0.022281222688162728 0.5015644249391905 -101.72790769727905
faces/angelababy/angelababy_978_0.jpg 0.5162079266616298 -0.029946076911030767 -56.853423608467565 0.029946076911030763 0.5162079266616298 -116.14261558629997
faces/angelababy/angelababy_132_0.jpg 0.5014425605885144 0.06361705754465775 -80.19662496543752 -0.06361705754465775 0.5014425605885143 -78.36809681883608
faces/angelababy/angelababy_864_0.jpg 0.5140429303850025 -0.024000387256910276 -46.1609740400941 0.024000387256910283 0.5140429303850025 -119.22856859717885
faces/angelababy/angelababy_430_0.jpg 0.5140442433114061 0.04011829000975333 -76.94881543774942 -0.04011829000975333 0.5140442433114062 -91.643592296067
faces/angelababy/angelababy_1564_0.jpg 0.501214551808793 0.05748851719099283 -77.9983399523597 -0.05748851719099283 0.501214551808793 -83.18057693636723
faces/angelababy/angelababy_203_0.jpg 0.5087112804265469 0.0032421570062670596 -66.06414541398688 -0.003242157006267063 0.508711280426547 -102.9841457993802
faces/angelababy/angelababy_975_0.jpg 0.5142622781687722 -0.023029793681945153 -58.51590758775295 0.023029793681945153 0.514262278168772 -120.75165940230247
faces/angelababy/angelababy_1556_0.jpg 0.4965534754614037 0.06788609778278969 -87.00207295268142 -0.06788609778278969 0.4965534754614039 -82.74722871895284
faces/angelababy/angelababy_1011_0.jpg 0.5125226411249793 0.04365388199583803 -79.81040206334883 -0.04365388199583803 0.5125226411249793 -91.1581379711362
faces/angelababy/angelababy_875_0.jpg 0.5032034003444628 -0.02704265544143261 -51.83999200364481 0.02704265544143262 0.503203400344463 -113.36901758783591
faces/angelababy/angelababy_1454_0.jpg 0.5091550272843464 0.061998858123532286 -90.44740074319593 -0.061998858123532286 0.5091550272843464 -81.79931961429392
faces/angelababy/angelababy_256_0.jpg 0.5200642657794801 0.06208227613376817 -89.85770988918331 -0.06208227613376817 0.5200642657794801 -93.12613149075855
faces/angelababy/angelababy_272_0.jpg 0.5073999531384413 0.0030487570291577127 -61.234277633550775 -0.003048757029157707 0.5073999531384412 -101.30911035028487
faces/angelababy/angelababy_788_0.jpg 0.503635975611758 0.013828654749082143 -64.731041294158 -0.013828654749082146 0.503635975611758 -103.16534099194519
faces/angelababy/angelababy_1781_0.jpg 0.504624221810336 -0.053757559009374144 -38.03178782526352 0.053757559009374144 0.5046242218103358 -117.75971891872464
faces/angelababy/angelababy_998_0.jpg 0.5102679987434481 0.07856411363442511 -94.73657640618025 -0.0785641136344251 0.5102679987434479 -75.69011630424617
faces/angelababy/angelababy_296_0.jpg 0.5066761128744022 0.08062888282194206 -94.9415715291894 -0.08062888282194204 0.5066761128744021 -74.63010917681689
faces/angelababy/angelababy_271_0.jpg 0.5105452707447581 0.005662684443115083 -65.00870459359389 -0.005662684443115064 0.5105452707447581 -103.95471594546922
faces/angelababy/angelababy_877_0.jpg 0.5053702447591948 -0.0359059759301914 -45.45827555973311 0.03590597593019139 0.5053702447591947 -111.93559907716403
faces/angelababy/angelababy_1805_0.jpg 0.5045621330016129 -0.07235177010107194 -35.85001400529261 0.07235177010107197 0.5045621330016129 -126.47911036000048
faces/angelababy/angelababy_807_0.jpg 0.5070947203625277 0.008585333161719527 -60.69051592492205 -0.008585333161719517 0.5070947203625278 -102.37494510924267
faces/angelababy/angelababy_128_0.jpg 0.49928518964854157 0.06867753609552608 -89.1601594937711 -0.06867753609552608 0.49928518964854157 -78.40677326991081
faces/angelababy/angelababy_258_0.jpg 0.5103834175862448 0.053430040777971304 -78.94921982434217 -0.0534300407779713 0.5103834175862447 -86.57214982089954
faces/angelababy/angelababy_217_0.jpg 0.5002081805205871 -0.0029274591421599937 -54.447482014574334 0.0029274591421599924 0.5002081805205872 -95.47018659245643
faces/angelababy/angelababy_1461_0.jpg 0.5101142061592066 0.06010035135248145 -85.80310215391437 -0.06010035135248146 0.5101142061592066 -85.42013105227068
faces/angelababy/angelababy_192_0.jpg 0.5153957799951951 0.032366997763564956 -80.77115643444397 -0.032366997763564956 0.5153957799951953 -94.7156281218509
faces/angelababy/angelababy_428_0.jpg 0.5105308948899346 0.05265674095408977 -84.3979014297406 -0.052656740954089766 0.5105308948899347 -86.35257081285363
faces/angelababy/angelababy_954_0.jpg 0.5047669104443842 0.046003369557126916 -81.1439394240269 -0.04600336955712691 0.504766910444384 -95.20797206857279
faces/angelababy/angelababy_188_0.jpg 0.5145734185802672 -0.005601477382346729 -61.81583624953835 0.005601477382346741 0.5145734185802672 -108.70099237330021
faces/angelababy/angelababy_1741_0.jpg 0.518150519669798 -0.020952585635972774 -48.48819843807367 0.020952585635972774 0.518150519669798 -118.91835974176817
faces/angelababy/angelababy_289_0.jpg 0.51620507475695 0.043735288599889635 -88.93004018549969 -0.043735288599889635 0.51620507475695 -96.29671396451945
faces/angelababy/angelababy_214_0.jpg 0.5115266957004206 0.012476197646661646 -64.75234703454298 -0.012476197646661646 0.5115266957004208 -103.51701971291018
faces/angelababy/angelababy_1799_0.jpg 0.5084263255252878 -0.06117138564453238 -36.862579507003474 0.06117138564453239 0.5084263255252879 -124.17264006399864
faces/angelababy/angelababy_819_0.jpg 0.4909028371001704 0.017604128059323727 -53.69887278218839 -0.017604128059323744 0.49090283710017046 -95.73797225247256
faces/angelababy/angelababy_191_0.jpg 0.5192734656464543 0.007228378353893633 -68.44839992222627 -0.007228378353893628 0.5192734656464543 -109.53365753125786
faces/angelababy/angelababy_458_0.jpg 0.5126774265980389 0.029175453245495475 -71.43075363867261 -0.02917545324549547 0.5126774265980388 -92.72567054220909
faces/angelababy/angelababy_294_0.jpg 0.5073473896959122 0.0741092558127342 -92.96680328506083 -0.0741092558127342 0.507347389695912 -80.87433095610385
faces/angelababy/angelababy_212_0.jpg 0.5104344656500291 0.021005355891414598 -70.88012563063027 -0.021005355891414595 0.5104344656500295 -101.10888844502992
faces/angelababy/angelababy_789_0.jpg 0.5034312757004223 0.01116045491222203 -60.055898929729196 -0.01116045491222203 0.5034312757004222 -97.80053180995577
faces/angelababy/angelababy_175_0.jpg 0.5231531992973886 -0.048233172509121916 -42.91345370282569 0.04823317250912194 0.5231531992973886 -131.49030416440547
faces/angelababy/angelababy_208_0.jpg 0.5138352824787397 0.01857625531139462 -73.61182597968504 -0.018576255311394622 0.5138352824787399 -101.95078945474017
faces/angelababy/angelababy_278_0.jpg 0.512229876984506 0.018790318477385225 -62.69920682959206 -0.01879031847738523 0.5122298769845062 -102.75675868708723
faces/angelababy/angelababy_994_0.jpg 0.5171045541412865 0.04067014399251517 -71.87786475935464 -0.04067014399251517 0.5171045541412865 -90.45216851772011
faces/angelababy/angelababy_797_0.jpg 0.5068362047667784 0.011871049482314884 -66.20184794270038 -0.011871049482314877 0.5068362047667783 -102.01698056045939
faces/angelababy/angelababy_449_0.jpg 0.5201046836717486 0.025922058068601594 -75.49820636823348 -0.025922058068601588 0.5201046836717486 -103.52592100072275
faces/angelababy/angelababy_231_0.jpg 0.5060708396290421 0.06579221880513446 -83.4539410795819 -0.06579221880513446 0.5060708396290419 -85.08535219251232
faces/angelababy/angelababy_1802_0.jpg 0.5105478085296558 -0.06608067878143596 -41.486121215653796 0.06608067878143596 0.5105478085296556 -127.93054098726003
faces/angelababy/angelababy_931_0.jpg 0.5048820299567837 0.04439271508525658 -78.47171244391548 -0.04439271508525657 0.5048820299567834 -93.09589300536561
faces/angelababy/angelababy_213_0.jpg 0.5053748629897779 0.016916724445171866 -67.11308109641705 -0.016916724445171873 0.5053748629897779 -106.01033223325325
faces/angelababy/angelababy_993_0.jpg 0.5198279642199427 0.036280151934528986 -84.33421292388549 -0.036280151934528986 0.5198279642199427 -92.66673752261201
faces/angelababy/angelababy_1734_0.jpg 0.5249450190538929 -0.02656170675701804 -47.977707338317984 0.02656170675701804 0.5249450190538929 -127.25739634537408
faces/angelababy/angelababy_274_0.jpg 0.5083516133502128 0.01902591405144181 -62.01737820910775 -0.019025914051441814 0.508351613350213 -97.6021555190174
faces/angelababy/angelababy_1550_0.jpg 0.49767501734730774 0.053586386296847234 -77.43082232899364 -0.05358638629684724 0.49767501734730796 -79.4026331990616
faces/angelababy/angelababy_1750_0.jpg 0.5148235712721063 -0.03946557533376112 -43.783757380483806 0.039465575333761126 0.5148235712721063 -118.26404230385171
faces/angelababy/angelababy_805_0.jpg 0.5044449176213573 0.020490041099701983 -65.71204944279403 -0.020490041099701994 0.5044449176213572 -96.0101625826428
faces/angelababy/angelababy_1000_0.jpg 0.5052103892116591 0.0707109722598301 -94.14559266191834 -0.0707109722598301 0.505210389211659 -76.238792520033
faces/angelababy/angelababy_285_0.jpg 0.5121623242909957 0.014426220208103567 -68.1279507704974 -0.014426220208103578 0.5121623242909957 -103.39585901806112
faces/angelababy/angelababy_158_0.jpg 0.5057406019309019 0.01314666075146623 -63.40768706398579 -0.013146660751466237 0.505740601930902 -100.68879776559055
faces/angelababy/angelababy_845_0.jpg 0.5165118263988929 0.006319067121549954 -67.31459546587853 -0.006319067121549957 0.5165118263988929 -105.63694547909944
faces/angelababy/angelababy_266_0.jpg 0.5180619083298937 0.006987545148999941 -64.83716016449073 -0.006987545148999946 0.5180619083298936 -108.29874587454731
faces/angelababy/angelababy_817_0.jpg 0.4878561195440243 0.011531227116072079 -58.90293229802019 -0.01153122711607208 0.48785611954402425 -91.60535053785998
faces/angelababy/angelababy_1559_0.jpg 0.49211455946446986 0.06532744265436376 -78.20228279184151 -0.06532744265436376 0.4921145594644699 -83.38065232320668
faces/angelababy/angelababy_958_0.jpg 0.5135516843824848 0.052240483143845245 -82.25883920088474 -0.05224048314384523 0.5135516843824848 -93.79054653326324
faces/angelababy/angelababy_1784_0.jpg 0.5104219817512003 -0.04373735876702288 -44.541135978508365 0.04373735876702288 0.5104219817512003 -107.99444124074003
faces/angelababy/angelababy_792_0.jpg 0.5063016757138414 0.013267738692862342 -67.13583694719306 -0.013267738692862348 0.5063016757138413 -92.39479256055296
faces/angelababy/angelababy_156_0.jpg 0.5091845511353709 0.017974707131055364 -74.71657312424047 -0.017974707131055367 0.5091845511353708 -97.33702358659585
faces/angelababy/angelababy_970_0.jpg 0.5181974181883711 -0.004820261537111309 -55.8717290879399 0.00482026153711131 0.5181974181883713 -107.963542712416
faces/angelababy/angelababy_165_0.jpg 0.5106082229103909 0.028881949716347843 -73.23643646275691 -0.028881949716347846 0.5106082229103909 -101.07387553457389
faces/angelababy/angelababy_448_0.jpg 0.511485978054305 0.029279593172965333 -67.65098090430696 -0.029279593172965336 0.5114859780543048 -101.06405324900084
faces/angelababy/angelababy_234_0.jpg 0.502340289429302 0.059880063161130995 -86.80936435772064 -0.059880063161130995 0.5023402894293021 -87.57694927656709
faces/angelababy/angelababy_786_0.jpg 0.5093203074491224 0.010337249658489776 -66.42616870383155 -0.010337249658489778 0.5093203074491224 -98.17191346838445
faces/angelababy/angelababy_846_0.jpg 0.5121424567984556 0.007969291628249706 -58.922052799023774 -0.007969291628249735 0.5121424567984555 -103.60693325923413
faces/angelababy/angelababy_1742_0.jpg 0.5198915588154865 -0.016951177486351447 -50.55258339768123 0.01695117748635146 0.5198915588154865 -108.02048863696825
faces/angelababy/angelababy_1746_0.jpg 0.5131153050346745 -0.025515063947584644 -52.33908513338925 0.02551506394758465 0.5131153050346746 -114.7460807463134
faces/angelababy/angelababy_953_0.jpg 0.5041204323635641 0.04753414390498704 -81.5426842785768 -0.047534143904987045 0.5041204323635641 -94.25591132106103
faces/angelababy/angelababy_1481_0.jpg 0.49832559453874037 0.029818803391738567 -68.86969323249791 -0.029818803391738567 0.49832559453874037 -96.83790733299506
faces/angelababy/angelababy_161_0.jpg 0.5139543485159465 0.016789618552905297 -63.44825708363528 -0.016789618552905308 0.5139543485159463 -100.26399251165785
faces/angelababy/angelababy_1010_0.jpg 0.5103170800362069 0.044622060524183924 -87.20068965781432 -0.04462206052418392 0.5103170800362068 -83.14132252346727
faces/angelababy/angelababy_1773_0.jpg 0.5196686872597616 -0.0757859682270402 -34.375900143526664 0.0757859682270402 0.5196686872597616 -130.50799537661365
faces/angelababy/angelababy_174_0.jpg 0.5210454422440501 -0.05159424352319312 -36.53729578577584 0.0515942435231931 0.52104544224405 -130.01640011966035
faces/angelababy/angelababy_462_0.jpg 0.5109679273254528 0.03573808394210702 -77.85624032006056 -0.035738083942107014 0.5109679273254528 -94.38207460445412
faces/angelababy/angelababy_433_0.jpg 0.5119053264243386 -0.0030292521872492084 -62.465830331762575 0.0030292521872492084 0.5119053264243386 -108.4189825374335
faces/angelababy/angelababy_445_0.jpg 0.5156652611730084 0.026272412820501134 -70.31857322684037 -0.026272412820501134 0.5156652611730083 -100.6287485396002
faces/angelababy/angelababy_1737_0.jpg 0.5298851110871441 -0.030407008632896967 -48.68938644522662 0.030407008632896963 0.529885111087144 -128.2961557433
faces/angelababy/angelababy_1544_0.jpg 0.4888269705860889 0.009117267330039636 -56.44469991501235 -0.009117267330039636 0.48882697058608904 -94.80217662527792
faces/angelababy/angelababy_1725_0.jpg 0.5169470240490114 -0.02734953817416525 -42.38992517302155 0.02734953817416525 0.5169470240490113 -118.23569354109031
faces/angelababy/angelababy_823_0.jpg 0.5000514197483638 0.01522472573099409 -66.85246666852764 -0.01522472573099409 0.5000514197483635 -96.3200710705027
faces/angelababy/angelababy_452_0.jpg 0.5109048547972476 0.03287948507792257 -70.10256316893849 -0.03287948507792257 0.5109048547972478 -99.35131930809831
faces/angelababy/angelababy_251_0.jpg 0.5191027148585853 0.04001614640893808 -88.00231590273997 -0.0400161464089381 0.5191027148585852 -103.98411669355912
faces/angelababy/angelababy_1462_0.jpg 0.5035842396571873 0.05712243492876233 -80.62735734614863 -0.05712243492876232 0.5035842396571875 -82.43545245963892
faces/angelababy/angelababy_155_0.jpg 0.5024315403637315 0.024941133692296804 -66.69664795880065 -0.0249411336922968 0.5024315403637316 -88.4340788423622
faces/angelababy/angelababy_169_0.jpg 0.5128597824162041 0.037285163212938614 -77.85038938811913 -0.037285163212938614 0.5128597824162041 -92.05695043821589
faces/angelababy/angelababy_1733_0.jpg 0.5184640511413978 -0.029392944332398616 -47.6100842873728 0.029392944332398627 0.5184640511413979 -118.67735841014465
faces/angelababy/angelababy_444_0.jpg 0.5110439660371204 0.028206811413889775 -66.84627346850375 -0.02820681141388977 0.5110439660371205 -100.59333979038644
faces/angelababy/angelababy_206_0.jpg 0.506276542147545 0.015999518019205114 -69.98252664991774 -0.015999518019205117 0.5062765421475451 -101.9368026276492
faces/angelababy/angelababy_800_0.jpg 0.5156228441566366 0.02891505342660194 -76.36265046348619 -0.028915053426601937 0.5156228441566365 -101.77095834633832
faces/angelababy/angelababy_855_0.jpg 0.508796847492206 -0.02261400716317374 -42.491738366253585 0.022614007163173765 0.5087968474922062 -114.19028321180156
faces/angelababy/angelababy_1739_0.jpg 0.5253691180600032 -0.027349054614789498 -44.456106416441585 0.027349054614789498 0.5253691180600033 -125.57264704741058
faces/angelababy/angelababy_1475_0.jpg 0.4996000361375646 0.03744167569600408 -77.92918430129687 -0.03744167569600408 0.4996000361375646 -92.46413485157913
faces/angelababy/angelababy_1787_0.jpg 0.508079796428571 -0.04784063747025324 -46.23831261543337 0.04784063747025324 0.5080797964285709 -117.17976884366846
faces/angelababy/angelababy_1543_0.jpg 0.487147081186872 -0.008164576588757955 -52.83793004662222 0.008164576588757955 0.48714708118687206 -95.01621974226086
faces/angelababy/angelababy_453_0.jpg 0.5105616325601913 0.0299038423053707 -71.35069985410631 -0.029903842305370697 0.5105616325601913 -99.24366991985002
faces/angelababy/angelababy_1772_0.jpg 0.5181710747898007 -0.05228121533466982 -40.15143984033956 0.05228121533466982 0.5181710747898008 -121.12442162177271
faces/angelababy/angelababy_275_0.jpg 0.5180593601035595 0.019509318100159934 -74.99673137076233 -0.01950931810015994 0.5180593601035595 -103.68354790624252
faces/angelababy/angelababy_1019_0.jpg 0.5089605785338053 0.0536143508476335 -79.67961926057644 -0.0536143508476335 0.5089605785338053 -84.73259210383904
faces/angelababy/angelababy_964_0.jpg 0.5268700597610806 0.03066220417582461 -81.36028489549211 -0.030662204175824614 0.5268700597610807 -111.72944120706757
faces/angelababy/angelababy_143_0.jpg 0.5046569724424101 0.06499715265223102 -90.00645562706684 -0.06499715265223102 0.5046569724424104 -83.39304342534703
faces/angelababy/angelababy_178_0.jpg 0.5202181463008965 -0.01808725254715647 -50.9463551383857 0.018087252547156468 0.5202181463008965 -112.50499146925316
faces/angelababy/angelababy_247_0.jpg 0.5118555719659593 0.037334716543034385 -78.29750216164648 -0.03733471654303439 0.5118555719659593 -96.88155559032364
faces/angelababy/angelababy_869_0.jpg 0.5075282716344445 -0.01734741249830603 -63.029958856357084 0.01734741249830602 0.5075282716344446 -104.47013754483251
faces/angelababy/angelababy_159_0.jpg 0.5074648961912663 0.017056442473123268 -62.277644129532305 -0.017056442473123264 0.5074648961912662 -100.02722552227016
faces/angelababy/angelababy_1749_0.jpg 0.5148388997653207 -0.03561675928318748 -43.71483849080211 0.035616759283187464 0.5148388997653207 -114.36185738171173
faces/angelababy/angelababy_1751_0.jpg 0.5107551166678601 -0.03864660085950679 -49.73035517953652 0.0386466008595068 0.5107551166678601 -110.44820202208743
faces/angelababy/angelababy_1003_0.jpg 0.507281751613372 0.06704448751658348 -95.1722496691503 -0.06704448751658348 0.5072817516133721 -78.42015748093294
faces/angelababy/angelababy_293_0.jpg 0.506859696317632 0.06147206028309877 -87.11951942348038 -0.061472060283098776 0.506859696317632 -84.87057832225946
faces/angelababy/angelababy_919_0.jpg 0.5086557840906737 0.044443719096537555 -75.04216190994676 -0.04444371909653755 0.5086557840906738 -91.2565950610985
faces/angelababy/angelababy_242_0.jpg 0.502736485721117 0.04687721363001812 -82.16469323545148 -0.046877213630018115 0.5027364857211168 -86.84582212195039
faces/angelababy/angelababy_963_0.jpg 0.5178393782206956 0.0375984974432444 -80.75129448879063 -0.0375984974432444 0.5178393782206955 -104.5402609584886
faces/angelababy/angelababy_861_0.jpg 0.5114259497205433 -0.023047035962383347 -50.85830839795052 0.023047035962383333 0.5114259497205433 -116.9492641538614
faces/angelababy/angelababy_1736_0.jpg 0.5235419059557115 -0.030455209396821552 -51.76037208898721 0.030455209396821555 0.5235419059557115 -135.203365854076
faces/angelababy/angelababy_241_0.jpg 0.5126007887216072 0.050541789260022285 -87.46204843063252 -0.050541789260022285 0.5126007887216073 -92.6559935271207
faces/angelababy/angelababy_1722_0.jpg 0.5146074257428757 -0.035836032334868054 -40.32320016982901 0.03583603233486803 0.5146074257428757 -121.15172379228221
faces/angelababy/angelababy_1552_0.jpg 0.5014969839098531 0.062153366263684756 -89.00945205893645 -0.062153366263684756 0.501496983909853 -81.6228836718582
faces/angelababy/angelababy_291_0.jpg 0.5126429953240544 0.046803411956200774 -80.90054064231829 -0.046803411956200774 0.5126429953240543 -96.94083481505197
faces/angelababy/angelababy_856_0.jpg 0.5096733193449964 -0.021062424349326064 -45.353673373722685 0.021062424349326047 0.5096733193449963 -116.58005385010418
faces/angelababy/angelababy_1539_0.jpg 0.47854735745414256 -0.023496287892390003 -41.88786998495901 0.02349628789239002 0.4785473574541427 -94.25846212960195
faces/angelababy/angelababy_269_0.jpg 0.5167161257636704 0.002822223092764139 -62.03021115363525 -0.0028222230927641284 0.5167161257636704 -110.19046884740445
faces/angelababy/angelababy_1546_0.jpg 0.501146452935574 0.02370094615608573 -71.66342150762519 -0.02370094615608574 0.501146452935574 -85.66768063986467
faces/angelababy/angelababy_167_0.jpg 0.5088082722749485 0.030806706695820564 -72.47713721669628 -0.030806706695820564 0.5088082722749485 -92.13116964668669
faces/angelababy/angelababy_304_0.jpg 0.50588409609791 0.06825968874053197 -89.59172437143921 -0.06825968874053197 0.5058840960979101 -82.57644525250413
faces/angelababy/angelababy_221_0.jpg 0.4994288465045095 -0.005720085957990757 -53.2865844945283 0.005720085957990761 0.4994288465045097 -103.7617055361018
faces/angelababy/angelababy_438_0.jpg 0.515244316739842 0.010346535530252061 -68.75360806725318 -0.010346535530252061 0.515244316739842 -109.10733868287835
faces/angelababy/angelababy_137_0.jpg 0.5081909876320774 0.06534264261816246 -91.14799506964083 -0.06534264261816246 0.5081909876320774 -81.79060677288822
faces/angelababy/angelababy_1724_0.jpg 0.5143702958242241 -0.032283081603764904 -40.62668101521031 0.0322830816037649 0.5143702958242241 -120.24984384459216
faces/angelababy/angelababy_1765_0.jpg 0.514669040579448 -0.027283206021100834 -47.257793948279 0.027283206021100855 0.5146690405794481 -122.6880827519731
faces/angelababy/angelababy_286_0.jpg 0.5128955527391705 0.02103343448429244 -69.58538878353183 -0.021033434484292447 0.5128955527391705 -100.74278588451742
faces/angelababy/angelababy_1466_0.jpg 0.5012898049548516 0.04357178751202773 -75.3161524925565 -0.043571787512027726 0.5012898049548514 -93.69485659311414
faces/angelababy/angelababy_152_0.jpg 0.5085166307670548 0.039381013175040155 -69.04162337202327 -0.03938101317504015 0.5085166307670547 -95.07529412197482
faces/angelababy/angelababy_1745_0.jpg 0.513663451324634 -0.0352212367557076 -48.38263991346757 0.03522123675570756 0.5136634513246339 -117.89295269606762
faces/angelababy/angelababy_202_0.jpg 0.5067828789266559 0.0037491653688235646 -56.76635748506071 -0.0037491653688235794 0.5067828789266559 -105.36027634362063
faces/angelababy/angelababy_860_0.jpg 0.511230312063612 -0.018235363151534123 -52.13448709157076 0.018235363151534102 0.511230312063612 -115.6269839452566
faces/angelababy/angelababy_827_0.jpg 0.5061048464748393 0.017046076916592035 -65.98842401788214 -0.017046076916592035 0.5061048464748393 -99.38346919225617
faces/angelababy/angelababy_1465_0.jpg 0.5046937584025675 0.045694306771936886 -77.01949783978263 -0.045694306771936886 0.5046937584025675 -87.4682182172237
faces/angelababy/angelababy_197_0.jpg 0.5134999615965471 0.02054141590847809 -69.89346416335356 -0.02054141590847808 0.5134999615965471 -102.44643391049598
faces/angelababy/angelababy_243_0.jpg 0.5057044337562159 0.050287039061869154 -81.81660411645463 -0.05028703906186916 0.505704433756216 -91.27956038202959
faces/angelababy/angelababy_1548_0.jpg 0.5046231495569317 0.0495066053579035 -78.57197965181957 -0.049506605357903494 0.5046231495569317 -80.49306062582005
faces/angelababy/angelababy_1517_0.jpg 0.49335979810437586 -0.0064844553133937225 -51.86673737956791 0.00648445531339372 0.49335979810437575 -103.71249377035758
faces/angelababy/angelababy_236_0.jpg 0.5059977903187297 0.05482379686329497 -82.25910324552716 -0.05482379686329498 0.5059977903187298 -82.40381231466912
faces/angelababy/angelababy_983_0.jpg 0.5158444821172683 -0.02938447896898114 -59.074359611913266 0.02938447896898114 0.5158444821172684 -119.2941854150991
faces/angelababy/angelababy_1017_0.jpg 0.5109610834783518 0.05218688192913639 -83.00933115714192 -0.05218688192913639 0.5109610834783517 -87.15634698800503
faces/angelababy/angelababy_224_0.jpg 0.5064357318175319 0.013870387820706539 -70.37940264538865 -0.01387038782070654 0.506435731817532 -99.50843902234368
faces/angelababy/angelababy_843_0.jpg 0.5094456806774663 0.002353297456705247 -60.50362699321066 -0.002353297456705245 0.5094456806774664 -100.63325901892844
faces/angelababy/angelababy_232_0.jpg 0.5063801776652844 0.06191532067613132 -84.19678182575696 -0.06191532067613132 0.5063801776652843 -86.96686639873025
faces/angelababy/angelababy_830_0.jpg 0.5057826115469708 0.01931369009257489 -57.2763565585647 -0.019313690092574883 0.5057826115469709 -97.687102457708
faces/angelababy/angelababy_782_0.jpg 0.5111598070636459 0.017094703162641143 -64.4030030910274 -0.017094703162641143 0.5111598070636459 -98.47741254005982
faces/angelababy/angelababy_1554_0.jpg 0.49892753396564343 0.06128125762464522 -82.67074930721255 -0.06128125762464522 0.4989275339656435 -81.90229843569952
faces/angelababy/angelababy_836_0.jpg 0.5102998090539329 0.023688829896438127 -68.79376074418742 -0.023688829896438127 0.5102998090539329 -95.26256703848489
faces/angelababy/angelababy_988_0.jpg 0.5205303883325911 -0.030835951194071363 -57.16305485942546 0.030835951194071363 0.5205303883325912 -118.17826417769703
faces/angelababy/angelababy_151_0.jpg 0.5065709912478255 0.038733290438698754 -71.94218793277038 -0.03873329043869875 0.5065709912478253 -96.85685735075464
faces/angelababy/angelababy_959_0.jpg 0.5213241057783404 0.05178821377216556 -82.1952209613382 -0.05178821377216558 0.5213241057783405 -108.50002971851109
faces/angelababy/angelababy_172_0.jpg 0.5255462667672807 -0.05134092542506689 -52.72510080391656 0.0513409254250669 0.5255462667672807 -122.67416832092488
faces/angelababy/angelababy_790_0.jpg 0.5082406691925979 0.007157055746229559 -59.77057003026168 -0.007157055746229555 0.5082406691925979 -101.95723323210919
faces/angelababy/angelababy_1522_0.jpg 0.4793635733053151 -0.013395379675358586 -45.61696590120779 0.013395379675358596 0.4793635733053151 -99.89567348854763
faces/angelababy/angelababy_1768_0.jpg 0.5167668385418593 -0.030414408616299324 -47.926563982939186 0.030414408616299318 0.5167668385418595 -114.28088565501389
faces/angelababy/angelababy_810_0.jpg 0.5017468399582711 -0.018296211312527025 -54.107123698164585 0.01829621131252702 0.5017468399582711 -105.65347591359145
faces/angelababy/angelababy_1791_0.jpg 0.5053480413312423 -0.04978940819478143 -39.68611538129592 0.049789408194781413 0.5053480413312422 -116.4202059997821
faces/angelababy/angelababy_865_0.jpg 0.5119433658964792 -0.028012935166382563 -44.68772486695791 0.028012935166382556 0.511943365896479 -110.49717497157954
faces/angelababy/angelababy_1715_0.jpg 0.5158029148707428 -0.03648837437191677 -40.353780055521625 0.03648837437191677 0.5158029148707427 -124.75110702191415
faces/angelababy/angelababy_957_0.jpg 0.5127368741233516 0.051415781498219126 -80.70799618345454 -0.051415781498219126 0.5127368741233513 -101.48819320515744
faces/angelababy/angelababy_216_0.jpg 0.5015742305281268 0.006920909039592502 -64.2830522746391 -0.006920909039592507 0.5015742305281268 -99.09539055913075
faces/angelababy/angelababy_218_0.jpg 0.49975219553996925 -0.007543287086060427 -56.98564256393375 0.007543287086060426 0.499752195539969 -95.64011888301613
faces/angelababy/angelababy_1553_0.jpg 0.5003152934430902 0.06380645925049393 -86.14469218312398 -0.06380645925049393 0.5003152934430902 -80.68824440257629
faces/angelababy/angelababy_1533_0.jpg 0.4746416381539135 -0.055343220198499736 -34.05186727723991 0.05534322019849975 0.47464163815391347 -104.46660525158714
faces/angelababy/angelababy_259_0.jpg 0.5180180869632504 0.04478022377993968 -81.66644447035684 -0.044780223779939676 0.5180180869632502 -94.31607265266811
faces/angelababy/angelababy_248_0.jpg 0.5110413022925483 0.03396105712259148 -77.1672376174037 -0.03396105712259148 0.5110413022925484 -98.46652649926006
faces/angelababy/angelababy_288_0.jpg 0.5158193188272301 0.03661699121670957 -77.15489632614843 -0.03661699121670956 0.51581931882723 -92.62260124659824
faces/angelababy/angelababy_1526_0.jpg 0.47933625041218 -0.03263616452284679 -39.03606995671207 0.03263616452284679 0.4793362504121799 -103.71258004059115
faces/angelababy/angelababy_1450_0.jpg 0.5017688287973437 0.047891789075590586 -71.05185565860204 -0.047891789075590586 0.5017688287973437 -86.74797564489174
faces/angelababy/angelababy_1002_0.jpg 0.5040219497537619 0.07242304533127465 -93.43482466769343 -0.07242304533127465 0.5040219497537619 -74.08577775581116
faces/angelababy/angelababy_168_0.jpg 0.5092820512925726 0.03515422801535507 -75.64328925777566 -0.03515422801535505 0.5092820512925726 -99.10568393444152
faces/angelababy/angelababy_831_0.jpg 0.5103476266353723 0.02146229188398007 -63.703937636118454 -0.021462291883980064 0.5103476266353724 -98.25572466499617
faces/angelababy/angelababy_1471_0.jpg 0.5096229808429896 0.0400687636552201 -78.19943624155697 -0.0400687636552201 0.5096229808429897 -93.75623179630898
faces/angelababy/angelababy_298_0.jpg 0.5050045339492598 0.08258410223174477 -98.62430346472131 -0.08258410223174478 0.5050045339492599 -76.7720038523953
faces/angelababy/angelababy_1542_0.jpg 0.4875858991533757 -0.015341758552492615 -49.84234081708534 0.015341758552492615 0.48758589915337563 -97.69966590767237
faces/angelababy/angelababy_1452_0.jpg 0.49735004902652735 0.04563975688646247 -68.80237229949556 -0.045639756886462476 0.49735004902652763 -87.71867104308276
faces/angelababy/angelababy_798_0.jpg 0.5085303437030015 0.011979960170852427 -65.21680540716021 -0.011979960170852429 0.5085303437030015 -101.15189597437814
faces/angelababy/angelababy_1758_0.jpg 0.5105150019805759 -0.04379392305593451 -39.214198635192346 0.043793923055934526 0.5105150019805759 -123.07913035099435
faces/angelababy/angelababy_426_0.jpg 0.5059287750579189 0.0646680474192007 -90.41006242115812 -0.06466804741920071 0.5059287750579188 -83.13562821812275
faces/angelababy/angelababy_839_0.jpg 0.5088714392957283 0.0065452998305058525 -57.76857809616665 -0.006545299830505843 0.5088714392957284 -95.29491982333474
faces/angelababy/angelababy_1718_0.jpg 0.5159182503117472 -0.04021252779202718 -42.09263360651555 0.040212527792027185 0.5159182503117473 -121.5868496628045
faces/angelababy/angelababy_301_0.jpg 0.5030009322770306 0.07586944796093782 -93.17278748929822 -0.07586944796093782 0.5030009322770306 -82.04207456326355
faces/angelababy/angelababy_201_0.jpg 0.5084947279728648 0.004026315873763454 -58.12816425581049 -0.004026315873763452 0.5084947279728648 -107.65227839715195
faces/angelababy/angelababy_149_0.jpg 0.5069348652889256 0.04622025234796325 -82.814382136026 -0.04622025234796325 0.5069348652889255 -89.49694941284523
faces/angelababy/angelababy_431_0.jpg 0.5179257676218908 0.01753040270248783 -71.91419556308405 -0.01753040270248783 0.5179257676218907 -104.40396808214058
faces/angelababy/angelababy_1752_0.jpg 0.5134473495482726 -0.034772686667557416 -49.178040059751694 0.0347726866675574 0.5134473495482726 -118.93337964321114
faces/angelababy/angelababy_956_0.jpg 0.5120579435219752 0.04741349488500888 -78.43504737502671 -0.04741349488500887 0.5120579435219753 -99.24103997351045
faces/angelababy/angelababy_267_0.jpg 0.5175405012596089 -0.0007549491121560668 -56.92709084016876 0.0007549491121560638 0.5175405012596089 -110.07863854298864
faces/angelababy/angelababy_930_0.jpg 0.5102837103642706 0.04487100280352613 -81.98267706145775 -0.04487100280352613 0.5102837103642706 -97.42966243376634
faces/angelababy/angelababy_852_0.jpg 0.5118934213827009 -0.009651831782766974 -50.74041871600336 0.009651831782766986 0.511893421382701 -111.68557155328722
faces/angelababy/angelababy_200_0.jpg 0.5131140154729759 0.016500982827688793 -72.16341947781224 -0.016500982827688793 0.5131140154729757 -102.95559011461313
faces/angelababy/angelababy_973_0.jpg 0.5175069146529878 -0.011348920143685855 -53.059421114237054 0.011348920143685855 0.5175069146529878 -113.58259190477483
faces/angelababy/angelababy_1525_0.jpg 0.4825358057272873 -0.02585096794500442 -41.3874671380796 0.025850967945004417 0.48253580572728727 -101.39346167383871
faces/angelababy/angelababy_223_0.jpg 0.5055386817959412 0.005917805602776664 -68.5963093246293 -0.005917805602776662 0.5055386817959413 -104.50611379458289
faces/angelababy/angelababy_1566_0.jpg 0.4996872276024637 0.05287330093120971 -84.71983269114448 -0.052873300931209705 0.49968722760246354 -87.56649690797556
faces/angelababy/angelababy_1005_0.jpg 0.5065739872821396 0.06868688983069006 -93.3480675384234 -0.06868688983069007 0.5065739872821396 -77.19019562274795
faces/angelababy/angelababy_934_0.jpg 0.505271596517882 0.04534629630777066 -81.03355115565974 -0.045346296307770664 0.505271596517882 -95.48385774997595
faces/angelababy/angelababy_829_0.jpg 0.507304496209162 0.020965027686960767 -65.74753318858363 -0.020965027686960767 0.507304496209162 -90.98133540523435
faces/angelababy/angelababy_173_0.jpg 0.5237710077071716 -0.06688502016082062 -33.08503384143599 0.06688502016082064 0.5237710077071714 -133.69787023874147
faces/angelababy/angelababy_1541_0.jpg 0.48296588455918193 -0.016927501180199776 -54.32769532268303 0.016927501180199776 0.4829658845591819 -92.82771659008284
faces/angelababy/angelababy_456_0.jpg 0.5135431723625062 0.020145837481285855 -66.13126710356953 -0.020145837481285855 0.5135431723625064 -98.68208267183431
faces/angelababy/angelababy_1800_0.jpg 0.5109844116476839 -0.05646856614169643 -44.834042990094176 0.05646856614169643 0.5109844116476839 -120.93820406121395
faces/angelababy/angelababy_1793_0.jpg 0.5119396519045694 -0.04722386159078959 -54.441924810289876 0.047223861590789604 0.5119396519045695 -125.06905884299186
faces/angelababy/angelababy_844_0.jpg 0.5101875503777491 0.009013935450413645 -66.3632286666437 -0.009013935450413636 0.510187550377749 -101.75851889978082
faces/angelababy/angelababy_189_0.jpg 0.5176561140483777 -0.006284304275752737 -60.840906650550565 0.006284304275752736 0.5176561140483776 -105.73409595903937
faces/angelababy/angelababy_1747_0.jpg 0.5145676017920857 -0.026101394849500543 -54.7402180239031 0.02610139484950055 0.5145676017920856 -116.61468271681343
faces/angelababy/angelababy_1014_0.jpg 0.5122128053257906 0.046565287061165944 -83.2172949606172 -0.04656528706116594 0.5122128053257906 -86.19160706481685
faces/angelababy/angelababy_984_0.jpg 0.5187371123788528 -0.014686194162949818 -57.145390597984246 0.014686194162949818 0.5187371123788529 -112.54369805980767
faces/angelababy/angelababy_835_0.jpg 0.507136133243861 0.022560340108914178 -71.20075166063889 -0.022560340108914174 0.507136133243861 -93.4940373152989
faces/angelababy/angelababy_263_0.jpg 0.5156726416780634 0.01744187695791877 -73.2842693919499 -0.01744187695791877 0.5156726416780634 -107.71188928706539
faces/angelababy/angelababy_1531_0.jpg 0.4760254663682055 -0.05525545498601392 -34.03883002943671 0.055255454986013926 0.4760254663682055 -110.30517012698365
faces/angelababy/angelababy_809_0.jpg 0.5072409821341153 -0.007448605188265114 -57.26368906697941 0.007448605188265117 0.5072409821341155 -106.60688309307804
faces/angelababy/angelababy_1535_0.jpg 0.4793808043926731 -0.0427498377955002 -45.331050993602034 0.0427498377955002 0.4793808043926732 -108.4514015195463
faces/angelababy/angelababy_302_0.jpg 0.5020528574499895 0.07731313952560206 -93.74398770242543 -0.07731313952560206 0.5020528574499895 -80.52958170957976
faces/angelababy/angelababy_1464_0.jpg 0.505876857122245 0.0554516389808767 -81.41008046125323 -0.05545163898087669 0.505876857122245 -85.85408885010796
faces/angelababy/angelababy_1457_0.jpg 0.5068196717262271 0.058545427313789165 -83.20614349001231 -0.058545427313789165 0.5068196717262271 -81.66912346802775
faces/angelababy/angelababy_997_0.jpg 0.5114207118625461 0.06398797001925598 -90.51278536031212 -0.06398797001925598 0.5114207118625462 -82.73234995502253
faces/angelababy/angelababy_1478_0.jpg 0.49847607809909456 0.03494437385503828 -69.45194915071299 -0.03494437385503828 0.49847607809909456 -94.50163665632263
faces/angelababy/angelababy_1738_0.jpg 0.524722287666554 -0.028173661775360053 -46.1932525177627 0.028173661775360057 0.5247222876665542 -130.82056470927196
faces/angelababy/angelababy_190_0.jpg 0.517411180978215 -0.0054791150076526456 -66.89050869211987 0.005479115007652648 0.5174111809782151 -115.65349910528667
faces/angelababy/angelababy_461_0.jpg 0.5137317184979711 0.0339297950841521 -82.31955344351452 -0.033929795084152094 0.5137317184979712 -99.786129721017
faces/angelababy/angelababy_254_0.jpg 0.5162805497909235 0.0678597441501233 -92.53622365237207 -0.0678597441501233 0.5162805497909235 -96.62149829420284
faces/angelababy/angelababy_969_0.jpg 0.518832442079203 -0.0022323567171395444 -57.349675884115996 0.0022323567171395426 0.518832442079203 -104.74805132233172
faces/angelababy/angelababy_193_0.jpg 0.5108050360091906 0.05227940558018608 -85.35152800311668 -0.05227940558018609 0.5108050360091905 -92.45287832037656
faces/angelababy/angelababy_806_0.jpg 0.5083724443215069 0.01590485116599211 -60.80742590639365 -0.015904851165992107 0.5083724443215067 -102.42414847016408
faces/angelababy/angelababy_287_0.jpg 0.5076935635569272 0.03303797096816511 -77.14880892230893 -0.03303797096816511 0.5076935635569272 -94.48742614937186
faces/angelababy/angelababy_801_0.jpg 0.5142222355023283 0.032906211117402835 -73.17734271222234 -0.03290621111740284 0.5142222355023283 -99.54149754930927
faces/angelababy/angelababy_451_0.jpg 0.5122169094437681 0.03301777400538865 -73.32063820432192 -0.03301777400538865 0.5122169094437683 -103.14814709979689
faces/angelababy/angelababy_1729_0.jpg 0.5213857987803284 -0.02244662096600817 -47.512458105616716 0.022446620966008152 0.5213857987803283 -119.62405276552627
faces/angelababy/angelababy_182_0.jpg 0.514708817756003 0.015359086797436193 -62.637919446102174 -0.015359086797436193 0.5147088177560031 -105.51706528617572
faces/angelababy/angelababy_1565_0.jpg 0.49474662497140304 0.05738792642509212 -76.52908555452392 -0.05738792642509212 0.49474662497140304 -81.30779965903756
faces/angelababy/angelababy_1766_0.jpg 0.5205531493047654 -0.02259926104686654 -52.9966415913929 0.022599261046866548 0.5205531493047656 -117.186142980256
faces/angelababy/angelababy_799_0.jpg 0.5059960032129803 0.017196665211789443 -65.34826451397403 -0.01719666521178944 0.5059960032129802 -101.6587344376679
faces/angelababy/angelababy_1721_0.jpg 0.5152752821173635 -0.0413386496684784 -41.42016944345595 0.04133864966847841 0.5152752821173635 -121.33831210789569
faces/angelababy/angelababy_867_0.jpg 0.5112407020805505 -0.015234239333448852 -51.780250232449376 0.015234239333448843 0.5112407020805505 -113.32246043917883
faces/angelababy/angelababy_814_0.jpg 0.5037876657169302 -0.010435933918997012 -52.76394837739993 0.010435933918996993 0.50378766571693 -111.44354641076737
faces/angelababy/angelababy_138_0.jpg 0.5046506608279292 0.07091080073647155 -93.21888720608975 -0.07091080073647156 0.5046506608279293 -81.24358226504108
faces/angelababy/angelababy_1519_0.jpg 0.4931563948875642 -0.02663810219763691 -44.994935951416764 0.02663810219763691 0.4931563948875642 -107.6971853041685
faces/angelababy/angelababy_868_0.jpg 0.5067551914801705 -0.01826080092111294 -57.273706161103334 0.018260800921112926 0.5067551914801703 -110.48126428750294
faces/angelababy/angelababy_249_0.jpg 0.5110977880930733 0.03448155433073534 -80.00456120356601 -0.03448155433073534 0.5110977880930732 -97.44844115496147
faces/angelababy/angelababy_1480_0.jpg 0.4986306847154835 0.03571796953736077 -70.22618851676843 -0.035717969537360776 0.4986306847154835 -94.03495821907876
faces/angelababy/angelababy_794_0.jpg 0.5085767449472492 0.01281242576400126 -64.3188813049283 -0.012812425764001257 0.5085767449472491 -98.22626576805075
faces/angelababy/angelababy_929_0.jpg 0.5074114633635837 0.0422082617294428 -78.16052000873925 -0.0422082617294428 0.5074114633635837 -95.97356953409059
faces/angelababy/angelababy_854_0.jpg 0.5080461939912717 -0.016882397548210432 -49.92602750318274 0.016882397548210425 0.5080461939912716 -113.22904470459412
faces/angelababy/angelababy_129_0.jpg 0.502696663386575 0.06662623793659493 -89.50139737859963 -0.06662623793659493 0.5026966633865749 -79.77472828941256
faces/angelababy/angelababy_791_0.jpg 0.5109987991083289 0.008240639234735576 -63.18340062246129 -0.008240639234735593 0.5109987991083288 -103.94397430717919
faces/angelababy/angelababy_1740_0.jpg 0.5169323564583089 -0.025445149705241057 -48.30718087520832 0.025445149705241064 0.5169323564583092 -122.91710536132419
faces/angelababy/angelababy_295_0.jpg 0.5038990195985033 0.07796251449645215 -92.32840953330923 -0.07796251449645215 0.5038990195985033 -81.07558103314722
faces/angelababy/angelababy_195_0.jpg 0.5122495740659266 0.03710380164344566 -82.40796334473141 -0.037103801643445664 0.5122495740659265 -93.37424947731222
faces/angelababy/angelababy_264_0.jpg 0.5212002657816369 0.013294301867346 -68.07523044693328 -0.013294301867346005 0.521200265781637 -108.86131631448058
faces/angelababy/angelababy_211_0.jpg 0.51382198330879 0.02001161499085127 -75.813432953967 -0.020011614990851273 0.5138219833087901 -100.28212407266028
faces/angelababy/angelababy_465_0.jpg 0.5079420121354968 0.03373033532717347 -75.17007429343566 -0.03373033532717347 0.507942012135497 -95.30957942940711
faces/angelababy/angelababy_437_0.jpg 0.5074584906539615 0.007923801289019193 -61.80425203116049 -0.007923801289019197 0.5074584906539614 -107.48292086874307
faces/angelababy/angelababy_292_0.jpg 0.511072499421262 0.05377011114836951 -82.74188465916346 -0.05377011114836951 0.511072499421262 -85.54530620155265
faces/angelababy/angelababy_922_0.jpg 0.507526028515991 0.04022453568590579 -73.86942261239348 -0.04022453568590578 0.507526028515991 -94.42016272945719
faces/angelababy/angelababy_435_0.jpg 0.5100780404956969 0.005959944214972068 -65.1326346211191 -0.005959944214972073 0.5100780404956969 -110.41000479412256
faces/angelababy/angelababy_989_0.jpg 0.518823291318292 -0.016263369219376385 -59.382723340544786 0.016263369219376385 0.518823291318292 -113.72347463891177
faces/angelababy/angelababy_299_0.jpg 0.5045315755339957 0.08300464234951194 -96.98708732284764 -0.08300464234951192 0.5045315755339956 -76.54076569562088
faces/angelababy/angelababy_270_0.jpg 0.5130345809971302 0.009826012635507779 -72.09972048405636 -0.009826012635507779 0.5130345809971303 -103.97653134823912
faces/angelababy/angelababy_1518_0.jpg 0.4893138084272694 -0.02856504477222315 -48.244279635927526 0.028565044772223155 0.4893138084272693 -105.09263719592613
faces/angelababy/angelababy_468_0.jpg 0.51326576444718 0.03856020228039039 -81.14734900691606 -0.038560202280390386 0.51326576444718 -93.44056277667352
faces/angelababy/angelababy_1763_0.jpg 0.5122521783494937 -0.04717049630469399 -40.80469039372217 0.047170496304694005 0.5122521783494937 -129.2648330997716
faces/angelababy/angelababy_1479_0.jpg 0.49813267708077485 0.032236903403125926 -67.90041797808338 -0.03223690340312593 0.49813267708077497 -87.15467769986381
faces/angelababy/angelababy_141_0.jpg 0.5063524199367958 0.06427360923261977 -90.10827088396273 -0.06427360923261977 0.506352419936796 -84.65397434002125
faces/angelababy/angelababy_1558_0.jpg 0.4961890171546803 0.0617886994916039 -79.39699520988346 -0.0617886994916039 0.4961890171546803 -81.1576696178908
faces/angelababy/angelababy_847_0.jpg 0.5116878286466893 -0.0014306173409574896 -59.06699298204917 0.0014306173409575009 0.5116878286466893 -109.16185207231425
faces/angelababy/angelababy_1551_0.jpg 0.4987534272251168 0.057400985088898446 -82.39437337864656 -0.057400985088898446 0.49875342722511673 -78.26756831959545
faces/angelababy/angelababy_171_0.jpg 0.5208877470349391 0.002846844401196283 -63.98016828616936 -0.0028468444011962796 0.5208877470349391 -109.80264862099924
faces/angelababy/angelababy_872_0.jpg 0.5062227786314294 -0.013590555962955522 -54.56578625971382 0.013590555962955529 0.5062227786314294 -106.94764990826064
faces/angelababy/angelababy_842_0.jpg 0.5098390072335471 0.006806166064039969 -64.73595828204957 -0.006806166064039972 0.5098390072335471 -103.16824937042344
faces/angelababy/angelababy_840_0.jpg 0.5057934053127767 0.007801307820253187 -63.84975472996574 -0.007801307820253163 0.5057934053127768 -103.92443673368373
faces/angelababy/angelababy_1458_0.jpg 0.5043485512693341 0.05047283361617944 -81.60430514511104 -0.050472833616179436 0.5043485512693341 -84.89817448076576
faces/angelababy/angelababy_863_0.jpg 0.5102250750969414 -0.01686747102092026 -47.46187423480801 0.016867471020920254 0.5102250750969414 -111.25252467960163
faces/angelababy/angelababy_1521_0.jpg 0.4825365501836372 -0.015965622083679822 -45.28359865446821 0.015965622083679815 0.4825365501836372 -101.82406145254532
faces/angelababy/angelababy_238_0.jpg 0.5063825337338012 0.04586566493152008 -81.73814050774227 -0.04586566493152007 0.5063825337338009 -93.09560582309419
faces/angelababy/angelababy_818_0.jpg 0.4878292720476544 0.01759397992597852 -52.48955052505299 -0.017593979925978515 0.4878292720476545 -96.12969053794356
faces/angelababy/angelababy_793_0.jpg 0.5075070853413081 0.005504569078165805 -61.286636845469715 -0.005504569078165807 0.5075070853413081 -101.3183319051596
faces/angelababy/angelababy_164_0.jpg 0.5104411186590464 0.02733750462936052 -76.68016294313084 -0.027337504629360534 0.5104411186590465 -101.25181659818278
faces/angelababy/angelababy_834_0.jpg 0.5061960915323152 0.0203136272938938 -65.17801627752887 -0.020313627293893806 0.5061960915323152 -96.28887763998421
faces/angelababy/angelababy_849_0.jpg 0.5121344499911236 -0.0001454306872294881 -57.87825107493829 0.00014543068722948832 0.5121344499911236 -108.48969677716522
faces/angelababy/angelababy_1726_0.jpg 0.5185426412882592 -0.026558101569522125 -40.513852472979195 0.02655810156952212 0.518542641288259 -117.21659748384423
faces/angelababy/angelababy_1735_0.jpg 0.5269620066453586 -0.02758908808501023 -52.43670173026909 0.027589088085010215 0.5269620066453586 -131.19935948900383
faces/angelababy/angelababy_194_0.jpg 0.5144743688328266 0.05119749349752428 -89.63499574148484 -0.05119749349752428 0.5144743688328268 -96.9334938034824
faces/angelababy/angelababy_142_0.jpg 0.5050339440983369 0.06302540943475181 -87.64129181909861 -0.06302540943475181 0.505033944098337 -81.2395659361365
faces/angelababy/angelababy_1780_0.jpg 0.5029000499577353 -0.052057316822066005 -38.28468553829704 0.052057316822065984 0.5029000499577354 -122.25108875753355
faces/angelababy/angelababy_1467_0.jpg 0.5018653701180816 0.04075244785086941 -78.47956127464182 -0.0407524478508694 0.5018653701180815 -91.27381102686849
faces/angelababy/angelababy_1459_0.jpg 0.5013465009314411 0.04974031351695679 -79.04714852963714 -0.04974031351695679 0.5013465009314412 -83.6411213716556
faces/angelababy/angelababy_1760_0.jpg 0.5105429710926789 -0.043156375219469606 -47.71140812414323 0.04315637521946961 0.5105429710926788 -121.48788345962231
faces/angelababy/angelababy_180_0.jpg 0.5164101467553368 0.030182226149421634 -69.81429232618684 -0.030182226149421624 0.5164101467553368 -102.62303575111201
faces/angelababy/angelababy_795_0.jpg 0.5100745311792317 0.012622465220631093 -59.97166653722486 -0.012622465220631096 0.5100745311792317 -102.62692090508313
faces/angelababy/angelababy_871_0.jpg 0.5091343421858735 -0.013358555183436505 -48.52010363974186 0.013358555183436507 0.5091343421858735 -108.61557325148115
faces/angelababy/angelababy_961_0.jpg 0.518776252710816 0.04912498649725961 -82.57173367251237 -0.04912498649725962 0.518776252710816 -102.06979400485582
faces/angelababy/angelababy_1774_0.jpg 0.5111484416941161 -0.08837172341479684 -38.77591808993064 0.08837172341479686 0.5111484416941162 -133.60910804967384
faces/angelababy/angelababy_933_0.jpg 0.5041328561741382 0.043998146227882236 -82.92323886819365 -0.043998146227882236 0.5041328561741382 -92.96233690734175
faces/angelababy/angelababy_300_0.jpg 0.5005471813693968 0.07855151573603439 -92.17155544011608 -0.0785515157360344 0.5005471813693968 -78.98488098113961
faces/angelababy/angelababy_926_0.jpg 0.5081275743265393 0.04464778568185717 -74.78353151623536 -0.04464778568185716 0.5081275743265391 -95.35808718081418
faces/angelababy/angelababy_1770_0.jpg 0.5164614015683738 -0.030898064226406653 -46.090612936643865 0.03089806422640662 0.5164614015683738 -122.96808790240979
faces/angelababy/angelababy_977_0.jpg 0.5218786374037111 -0.015728397456936247 -59.67320558492368 0.015728397456936244 0.5218786374037113 -112.6691514256089
faces/angelababy/angelababy_265_0.jpg 0.5109293084394996 -0.001110139931813602 -56.842715605516034 0.0011101399318135957 0.5109293084394997 -106.12549697036869
faces/angelababy/angelababy_230_0.jpg 0.5060915795927118 0.0669140512096742 -83.38520972548956 -0.0669140512096742 0.5060915795927118 -84.07947213180427
faces/angelababy/angelababy_1472_0.jpg 0.49822520959426075 0.040687577924922995 -74.37298042839 -0.040687577924922995 0.4982252095942607 -88.93094817123944
faces/angelababy/angelababy_1790_0.jpg 0.5072402756329327 -0.050451852203628474 -41.23555292352198 0.05045185220362846 0.5072402756329326 -118.45676227952575
faces/angelababy/angelababy_283_0.jpg 0.5069883901004535 0.020140709578612744 -67.57350029965671 -0.020140709578612744 0.5069883901004534 -97.08012225304188
faces/angelababy/angelababy_260_0.jpg 0.513429383048552 0.03227160209189249 -81.43858698164748 -0.03227160209189249 0.513429383048552 -102.12231624296922
faces/angelababy/angelababy_199_0.jpg 0.5102958336126503 0.02538454225961102 -70.10452624576187 -0.025384542259611002 0.5102958336126504 -102.32808571229137
faces/angelababy/angelababy_442_0.jpg 0.5142342866453258 0.017425194145419567 -72.2364893303784 -0.01742519414541957 0.5142342866453259 -104.72118642649158
faces/angelababy/angelababy_432_0.jpg 0.5163120054158412 -0.0015568067837747278 -63.98819025923346 0.0015568067837747278 0.516312005415841 -109.09992901558832
faces/angelababy/angelababy_1015_0.jpg 0.5119413651327641 0.05138274407513021 -82.76911162109106 -0.05138274407513021 0.5119413651327641 -89.91691307336049
faces/angelababy/angelababy_246_0.jpg 0.5078719144392393 0.03868009622122368 -79.8123160044094 -0.03868009622122369 0.5078719144392394 -93.99064445459763
faces/angelababy/angelababy_866_0.jpg 0.5117247332007024 -0.01651655501170647 -54.36594607176461 0.016516555011706468 0.5117247332007023 -111.96060231559741
faces/angelababy/angelababy_1514_0.jpg 0.48995974622045646 0.030416737446889837 -64.2528623067498 -0.030416737446889837 0.4899597462204564 -88.03034328727406
faces/angelababy/angelababy_848_0.jpg 0.5143215710333873 0.0027268022504536023 -58.89665994086586 -0.0027268022504536044 0.5143215710333873 -108.83975349065548
faces/angelababy/angelababy_821_0.jpg 0.49264101789318043 0.014445960835822641 -59.057256267106524 -0.014445960835822636 0.4926410178931804 -93.9840876718383
faces/angelababy/angelababy_1788_0.jpg 0.5140148970270088 -0.04356455006113677 -45.36924189407735 0.04356455006113676 0.5140148970270089 -119.75263840549547
faces/angelababy/angelababy_1761_0.jpg 0.5116725877942908 -0.040791284497973666 -47.34107471434014 0.04079128449797367 0.5116725877942908 -119.9414770220541
faces/angelababy/angelababy_127_0.jpg 0.5061167044288116 0.06842573277531523 -88.90769676121859 -0.06842573277531523 0.5061167044288115 -83.47986344741648
faces/angelababy/angelababy_131_0.jpg 0.5042004494774097 0.06415456575350845 -84.62653464067826 -0.06415456575350845 0.5042004494774096 -83.68085600466176
faces/angelababy/angelababy_1762_0.jpg 0.5090301374920432 -0.044234533951513486 -38.577345488173236 0.04423453395151347 0.5090301374920431 -125.98235764701289
faces/angelababy/angelababy_434_0.jpg 0.5071151177912427 0.0037330483810863145 -61.651413138384825 -0.0037330483810863145 0.5071151177912426 -106.59227314302134
faces/angelababy/angelababy_443_0.jpg 0.5114254842569845 0.020383914092970405 -71.74837628106987 -0.02038391409297041 0.5114254842569846 -102.22482311791293
faces/angelababy/angelababy_1754_0.jpg 0.5087549384819557 -0.03453811691619719 -45.7119139747153 0.03453811691619719 0.5087549384819557 -117.91092926923383
faces/angelababy/angelababy_1453_0.jpg 0.5043296449212705 0.05273008543001027 -78.99490592011095 -0.05273008543001027 0.5043296449212705 -81.76303359518658
faces/angelababy/angelababy_154_0.jpg 0.504826581229307 0.035856585868585346 -77.26227608238752 -0.03585658586858535 0.5048265812293069 -95.39219180896004
faces/angelababy/angelababy_815_0.jpg 0.5029518959772509 -0.003125646964664572 -59.12397221417096 0.0031256469646645576 0.5029518959772508 -103.57810673450837
faces/angelababy/angelababy_1557_0.jpg 0.49543602943327886 0.058304603549911155 -83.01190664400055 -0.058304603549911155 0.49543602943327875 -81.20686843954275
faces/angelababy/angelababy_812_0.jpg 0.5049318987461249 -0.01635967854195731 -45.58630163388388 0.016359678541957325 0.504931898746125 -108.16781191964591
faces/angelababy/angelababy_825_0.jpg 0.5055975803121734 0.013268439484790067 -70.51986926331854 -0.013268439484790064 0.5055975803121733 -100.78763336639034
faces/angelababy/angelababy_279_0.jpg 0.5109596564935495 0.0176045735501457 -67.70937473855857 -0.017604573550145695 0.5109596564935494 -101.3193614525282
faces/angelababy/angelababy_967_0.jpg 0.5289229013828157 0.013605824132654069 -68.40910308068779 -0.013605824132654069 0.5289229013828158 -115.92577037749211
faces/angelababy/angelababy_991_0.jpg 0.5128277018372874 0.003088436135998085 -71.41488180381522 -0.0030884361359980843 0.5128277018372875 -95.67214674110417
faces/angelababy/angelababy_1013_0.jpg 0.5098873189828383 0.042265535010615814 -80.8107460706971 -0.042265535010615814 0.5098873189828385 -91.26660134530246
faces/angelababy/angelababy_1797_0.jpg 0.5098545165260709 -0.05484124793381767 -40.99129980916938 0.054841247933817686 0.5098545165260709 -118.04260686917473
faces/angelababy/angelababy_219_0.jpg 0.4999240901057347 -0.004751187082302508 -54.13892631151104 0.004751187082302522 0.4999240901057347 -100.74728168145023
faces/angelababy/angelababy_145_0.jpg 0.5046442734332751 0.06441641865323501 -87.75192779677666 -0.06441641865323502 0.5046442734332753 -82.3135541292394
faces/angelababy/angelababy_820_0.jpg 0.492312416175063 0.010461599294028574 -51.907925508773005 -0.010461599294028576 0.492312416175063 -99.94176723232252
faces/angelababy/angelababy_1476_0.jpg 0.5033291548113412 0.035587784839647335 -78.13765051314779 -0.035587784839647335 0.5033291548113412 -95.67467083838329
faces/angelababy/angelababy_1007_0.jpg 0.5116398290206287 0.05856137064123004 -83.41558761168416 -0.058561370641230036 0.5116398290206287 -87.72842499027965
faces/angelababy/angelababy_1723_0.jpg 0.5163519258295146 -0.0374188316421665 -43.24987052844885 0.03741883164216651 0.5163519258295146 -118.06469144735314
faces/angelababy/angelababy_996_0.jpg 0.511098345449932 0.04397394117124089 -86.52038935261207 -0.04397394117124089 0.511098345449932 -84.75060870144858
faces/angelababy/angelababy_927_0.jpg 0.505326592469956 0.045061526047195634 -74.92632529004506 -0.045061526047195634 0.5053265924699559 -95.28419702560933
faces/angelababy/angelababy_824_0.jpg 0.5042867475208141 0.0178584366520515 -61.0992789484509 -0.017858436652051505 0.5042867475208144 -100.69618350803933
faces/angelababy/angelababy_150_0.jpg 0.5048621376163495 0.042973929792885925 -77.53515084803503 -0.042973929792885925 0.5048621376163492 -92.84719078848167
faces/angelababy/angelababy_135_0.jpg 0.5004300768868808 0.0648633844509719 -87.73754713563177 -0.0648633844509719 0.5004300768868807 -78.4107663841362
faces/angelababy/angelababy_1012_0.jpg 0.5117740682252263 0.03962374826291676 -83.66617632298077 -0.03962374826291676 0.5117740682252263 -92.70059599533201
faces/angelababy/angelababy_850_0.jpg 0.5131807965960374 -0.004578997401889099 -55.383712371683615 0.004578997401889094 0.5131807965960373 -109.07727684607639
faces/angelababy/angelababy_935_0.jpg 0.5061168251954559 0.04597206688839884 -82.31573036579287 -0.04597206688839883 0.5061168251954558 -97.07165522228675
faces/angelababy/angelababy_1524_0.jpg 0.47898696979185784 -0.024444936915144825 -36.63934574919499 0.02444493691514482 0.47898696979185773 -97.57368254076141
faces/angelababy/angelababy_460_0.jpg 0.5140135630503285 0.03146971498718991 -76.05595784028348 -0.03146971498718991 0.5140135630503284 -92.23445806655678
faces/angelababy/angelababy_1009_0.jpg 0.5085786262722527 0.048824791636468114 -84.88118737904732 -0.0488247916364681 0.5085786262722524 -85.9406554068272
faces/angelababy/angelababy_859_0.jpg 0.5102602475643618 -0.022270201988804236 -43.59486097363906 0.022270201988804236 0.5102602475643617 -113.86002886680797
faces/angelababy/angelababy_832_0.jpg 0.5101577528777026 0.018212601623274073 -63.601868733622965 -0.018212601623274073 0.5101577528777028 -99.92048307194648
faces/angelababy/angelababy_1795_0.jpg 0.5084510508463207 -0.05509451260629971 -39.1952116279645 0.0550945126062997 0.5084510508463208 -120.01844374725937
faces/angelababy/angelababy_273_0.jpg 0.5043466877842759 0.013614258134980958 -63.09310802081238 -0.013614258134980942 0.5043466877842758 -94.5084989267933
faces/angelababy/angelababy_917_0.jpg 0.5081256041412436 0.04050186968645353 -81.05782214772161 -0.04050186968645352 0.5081256041412436 -96.3073240056969
faces/angelababy/angelababy_198_0.jpg 0.5131029168848185 0.02526969822727842 -69.78560525894709 -0.025269698227278415 0.5131029168848185 -103.61168662765581
faces/angelababy/angelababy_1455_0.jpg 0.5042436130090088 0.05659128723018068 -80.8068865552621 -0.05659128723018067 0.5042436130090089 -86.40309447722836
faces/angelababy/angelababy_1515_0.jpg 0.490226477824949 0.028990320565043443 -63.32295017323115 -0.02899032056504344 0.49022647782494894 -88.54557679310562
faces/angelababy/angelababy_425_0.jpg 0.5027817194873178 0.06565427717323123 -88.12666599049386 -0.06565427717323122 0.5027817194873178 -88.55503964738784
faces/angelababy/angelababy_874_0.jpg 0.5058786133305165 -0.02479820493361227 -56.2883297592105 0.02479820493361228 0.5058786133305164 -118.36562779232588
faces/angelababy/angelababy_851_0.jpg 0.5111835176038589 -0.010454596464170783 -49.862739755563794 0.010454596464170776 0.5111835176038589 -112.59569473097142
faces/angelababy/angelababy_1562_0.jpg 0.49151273473661294 0.06898666639943406 -87.18291718265623 -0.06898666639943406 0.4915127347366129 -74.33042480032364
faces/angelababy/angelababy_446_0.jpg 0.5173108446162648 0.031213205546549855 -77.49169707373555 -0.031213205546549855 0.5173108446162648 -100.1628545431027
faces/angelababy/angelababy_252_0.jpg 0.5173292054779669 0.044406241268091555 -78.37680327676584 -0.044406241268091555 0.517329205477967 -95.04532722699966